3.000220656394958496e-01
-2.090393543243408203e+00
1.486201047897338867e+00
-8.673620820045471191e-01
-4.831456542015075684e-01
-9.555313587188720703e-01
1.227961182594299316e+00
-7.800453156232833862e-02
6.805474758148193359e-01
-1.175920963287353516e+00
-1.109753131866455078e+00
2.546162605285644531e-01
-1.179534792900085449e+00
-5.569082498550415039e-01
-3.166533708572387695e-01
-8.452949523925781250e-01
-2.065064013004302979e-02
-4.617604017257690430e-01
1.512050479650497437e-01
1.410010814666748047e+00
4.430064558982849121e-01
4.097797572612762451e-01
-4.227586388587951660e-01
3.738981783390045166e-01
-2.427773773670196533e-01
-8.283731937408447266e-01
1.496559381484985352e-02
9.891678094863891602e-01
1.679230928421020508e+00
1.008879542350769043e-01
1.335406303405761719e-01
-1.354563355445861816e+00
3.118002414703369141e-02
-1.069042161107063293e-01
1.171076297760009766e+00
-1.919650435447692871e-01
-6.297503113746643066e-01
-1.345247268676757812e+00
-1.664819717407226562e+00
-3.637731373310089111e-01
-4.165088832378387451e-01
-3.415950238704681396e-01
-4.268412590026855469e-01
-4.902815818786621094e-02
1.025493860244750977e+00
-8.042703270912170410e-01
-3.999640345573425293e-01
3.911213576793670654e-01
-1.224322319030761719e+00
-3.267690539360046387e-02
2.244718670845031738e-01
7.741715908050537109e-01
-3.356581330299377441e-01
-2.119119018316268921e-01
1.521244347095489502e-01
-1.650014519691467285e+00
-1.354530692100524902e+00
-1.558099627494812012e+00
1.395159244537353516e+00
-1.165058851242065430e+00
4.459673166275024414e-02
1.682933688163757324e+00
-8.840844035148620605e-01
4.245261549949645996e-01
-5.723052024841308594e-01
2.213618159294128418e-01
-1.609422922134399414e+00
-3.610751628875732422e-01
1.169501543045043945e-01
-1.255806446075439453e+00
-4.594378471374511719e-01
1.085343360900878906e+00
-1.802727818489074707e+00
1.493599414825439453e-01
1.013953208923339844e+00
1.558237075805664062e-01
-6.000984907150268555e-01
-1.768267452716827393e-01
9.492208957672119141e-01
-7.200636267662048340e-01
-9.189359545707702637e-01
1.213866472244262695e+00
-6.160106062889099121e-01
-7.987800836563110352e-01
-1.036863565444946289e+00
-2.936665415763854980e-01
4.596078395843505859e-02
1.411996185779571533e-01
9.885501861572265625e-02
5.105552673339843750e-01
-1.336082816123962402e+00
6.079320907592773438e-01
1.136490702629089355e-01
-1.449476480484008789e+00
-8.532247543334960938e-01
-1.322604894638061523e+00
-1.809817552566528320e-01
1.022942185401916504e+00
-6.853185594081878662e-03
1.110659360885620117e+00
3.584955930709838867e-01
4.334746003150939941e-01
-1.444780826568603516e-02
-9.350795149803161621e-01
-9.187102317810058594e-02
-8.886446356773376465e-01
4.554260969161987305e-01
5.015326738357543945e-01
1.266878247261047363e-01
8.787268996238708496e-01
2.685368061065673828e-01
3.121320605278015137e-01
-1.025722980499267578e+00
1.131969690322875977e+00
7.144863009452819824e-01
1.253107905387878418e+00
4.372365772724151611e-01
6.926050186157226562e-01
2.145567893981933594e+00
2.356884002685546875e+00
7.639379501342773438e-01
-5.021161437034606934e-01
-5.478285551071166992e-01
1.305683970451354980e+00
1.011835336685180664e-01
1.248877763748168945e+00
5.282160639762878418e-01
2.471307367086410522e-01
-1.028768062591552734e+00
-1.174504309892654419e-02
-1.443507313728332520e+00
3.324505686759948730e-02
1.668056696653366089e-01
-2.335269689559936523e+00
1.008470654487609863e+00
1.383437365293502808e-01
2.985235691070556641e+00
8.213025331497192383e-01
8.413847088813781738e-01
-4.513846933841705322e-01
-6.060387194156646729e-02
5.860521793365478516e-01
-3.197486102581024170e-01
5.375906229019165039e-01
-6.669763326644897461e-01
6.867548227310180664e-01
3.286867737770080566e-01
-2.429689764976501465e-01
-1.643735170364379883e+00
2.992666363716125488e-01
-1.022922992706298828e+00
6.358418464660644531e-01
-7.324386239051818848e-01
-5.702844858169555664e-01
5.484195947647094727e-01
-5.472426414489746094e-01
-1.407019138336181641e+00
2.615237832069396973e-01
8.392094969749450684e-01
-9.748966693878173828e-01
1.445215791463851929e-01
1.862650632858276367e+00
9.196549654006958008e-01
3.834681212902069092e-02
-8.297517299652099609e-01
1.456918478012084961e+00
-9.430313706398010254e-01
2.232832670211791992e+00
2.225366592407226562e+00
-1.996256589889526367e+00
-2.193620800971984863e-01
1.824347376823425293e-01
1.118629276752471924e-01
-1.546768844127655029e-02
1.492211222648620605e-01
7.214111685752868652e-01
9.710437059402465820e-01
1.332693099975585938e-01
-1.099851131439208984e+00
1.643376648426055908e-01
-1.995980978012084961e+00
-1.220287799835205078e+00
-2.110642910003662109e+00
1.678499698638916016e+00
6.346976757049560547e-01
-1.577452421188354492e+00
1.506716012954711914e+00
6.596542000770568848e-01
9.186508655548095703e-01
2.014115825295448303e-02
-9.469271898269653320e-01
5.760650038719177246e-01
-1.356735587120056152e+00
1.045872092247009277e+00
-4.797626137733459473e-01
1.606148004531860352e+00
1.062284469604492188e+00
-1.318958282470703125e+00
1.112073183059692383e+00
4.510672986507415771e-01
3.527524769306182861e-01
-3.034175634384155273e-01
2.989090085029602051e-01
5.510566830635070801e-01
1.070286035537719727e+00
1.339897871017456055e+00
-2.118734121322631836e-01
3.987299203872680664e-01
-2.577289342880249023e-01
1.063950419425964355e+00
6.869565248489379883e-01
-6.485995650291442871e-01
-7.497866749763488770e-01
2.230606228113174438e-01
-3.184578418731689453e-01
1.680916547775268555e-02
-1.331001758575439453e+00
5.354888439178466797e-01
4.662678837776184082e-01
1.839067459106445312e+00
7.481881976127624512e-01
1.763001978397369385e-01
9.695788621902465820e-01
9.324878454208374023e-01
-1.232222080230712891e+00
5.136376619338989258e-02
-7.321487665176391602e-01
2.399899363517761230e-01
1.327937245368957520e-01
4.647212028503417969e-01
-9.827975034713745117e-01
-5.779623389244079590e-01
1.333516716957092285e+00
-1.681906223297119141e+00
-1.616842448711395264e-01
1.442186594009399414e+00
-1.072108507156372070e+00
-4.287409186363220215e-01
-6.406825780868530273e-02
-1.138209819793701172e+00
2.096557021141052246e-01
1.735519170761108398e+00
5.404164791107177734e-01
-1.365130901336669922e+00
-1.471301317214965820e+00
3.121103644371032715e-01
9.481840133666992188e-01
1.785864949226379395e+00
9.744108915328979492e-01
8.000787496566772461e-01
-1.916349887847900391e+00
-1.374442100524902344e+00
1.515081644058227539e+00
-8.167831897735595703e-01
-1.807452142238616943e-01
1.509386062622070312e+00
7.424393892288208008e-01
7.889050841331481934e-01
1.061111688613891602e-02
7.586027383804321289e-01
-4.931328445672988892e-02
1.476118564605712891e+00
1.380368471145629883e-01
3.265084028244018555e-01
-1.357350111007690430e+00
5.369498133659362793e-01
-8.376442193984985352e-01
4.394131302833557129e-01
8.358262777328491211e-01
-1.353973865509033203e+00
1.745818555355072021e-01
-4.659559726715087891e-01
-2.321588993072509766e-01
-4.199187159538269043e-01
1.687345504760742188e-01
-9.395167231559753418e-01
1.960028290748596191e+00
4.544864892959594727e-01
1.373610019683837891e+00
-1.637619972229003906e+00
-1.473365545272827148e+00
2.014569342136383057e-01
1.396305799484252930e+00
-1.174104928970336914e+00
-5.300955772399902344e-01
7.812734246253967285e-01
-2.317911148071289062e+00
-4.131186604499816895e-01
1.081388592720031738e+00
7.361739873886108398e-03
7.610204219818115234e-01
8.274971246719360352e-01
1.836473584175109863e+00
-4.378659725189208984e-01
-2.418502092361450195e+00
-1.650308728218078613e+00
-3.781695365905761719e-01
2.218000411987304688e+00
-5.921155214309692383e-02
1.604924917221069336e+00
-3.840386867523193359e-01
2.195315062999725342e-02
-3.925002813339233398e-01
3.087267875671386719e-01
5.095667243003845215e-01
1.082049965858459473e+00
1.291414380073547363e+00
1.124844074249267578e+00
3.204603195190429688e-01
3.086580708622932434e-02
-8.908104300498962402e-01
6.092589497566223145e-01
-2.899315953254699707e-01
-5.202946662902832031e-01
-6.809133887290954590e-01
5.225872993469238281e-02
-5.499098300933837891e-01
2.501831054687500000e+00
7.876565456390380859e-01
1.603414058685302734e+00
-3.076480627059936523e-01
-1.517017364501953125e+00
-1.424159049987792969e+00
1.604627966880798340e+00
-3.956804275512695312e-01
-1.965761184692382812e-04
6.648731231689453125e-01
6.284640431404113770e-01
-1.583676457405090332e+00
-8.894088864326477051e-01
-2.903831005096435547e-01
5.479499101638793945e-01
1.758318901062011719e+00
-2.183843851089477539e-01
-5.922672152519226074e-01
1.017258763313293457e+00
-2.459098100662231445e-01
-2.350707054138183594e+00
-6.921694278717041016e-01
7.515133619308471680e-01
-1.553578376770019531e+00
-5.151138901710510254e-01
-1.328047394752502441e+00
6.169834733009338379e-02
-6.355507373809814453e-01
2.213392019271850586e+00
1.433323383331298828e+00
2.073334217071533203e+00
-1.222891092300415039e+00
1.202764987945556641e+00
1.860837340354919434e-01
1.775097846984863281e+00
1.034762620925903320e+00
4.493432641029357910e-01
4.211520552635192871e-01
1.051516771316528320e+00
-4.490997195243835449e-01
2.017017006874084473e-01
9.611726403236389160e-01
1.584239363670349121e+00
-1.357790827751159668e-01
-4.339967966079711914e-01
-2.418549656867980957e-01
-1.213164925575256348e-01
-1.126389741897583008e+00
1.002851128578186035e-02
6.821432113647460938e-01
-3.118934631347656250e-01
-7.209199070930480957e-01
2.079896926879882812e-01
-1.009330630302429199e+00
-3.224287927150726318e-01
-3.554943799972534180e-01
8.677174448966979980e-01
3.895882666110992432e-01
-6.648555397987365723e-01
6.425886154174804688e-01
-3.806777298450469971e-02
-9.358866214752197266e-01
-1.558351039886474609e+00
-3.259670734405517578e-02
1.430150747299194336e+00
-1.500943154096603394e-01
2.039561510086059570e+00
7.027569413185119629e-01
1.081413149833679199e+00
-7.022747397422790527e-01
4.237557649612426758e-01
1.932314753532409668e+00
-9.012212157249450684e-01
3.291268050670623779e-01
-1.047063231468200684e+00
7.410705089569091797e-01
-5.864926576614379883e-01
1.574285745620727539e+00
5.974783301353454590e-01
2.002667933702468872e-01
-1.005518198013305664e+00
1.237570166587829590e+00
-9.763635396957397461e-01
3.618252873420715332e-01
-7.231317758560180664e-01
-1.285654306411743164e+00
-7.453675866127014160e-01
1.944031476974487305e+00
1.154873251914978027e+00
8.613782525062561035e-01
-2.213812917470932007e-01
-2.098225951194763184e-01
1.678659915924072266e+00
3.570964336395263672e-01
1.239525079727172852e+00
-1.366151690483093262e+00
-1.008259057998657227e-01
1.310931205749511719e+00
2.421663403511047363e-01
-6.864507198333740234e-01
2.751978933811187744e-01
-8.375728130340576172e-02
8.549016714096069336e-02
-6.139884591102600098e-01
6.882966756820678711e-01
-2.197360754013061523e+00
4.391184151172637939e-01
1.096292734146118164e-01
-7.291704416275024414e-03
-1.193621039390563965e+00
-1.097906351089477539e+00
-8.677393794059753418e-01
1.567913770675659180e+00
-9.690552949905395508e-03
4.501561820507049561e-01
8.388288021087646484e-01
2.017416477203369141e+00
-2.359900772571563721e-01
5.689861774444580078e-01
-9.734014272689819336e-01
3.185659646987915039e-02
-3.861064910888671875e-01
2.249718189239501953e+00
-4.422666430473327637e-01
8.652210235595703125e-02
1.083927989006042480e+00
-7.013511657714843750e-01
1.175441145896911621e+00
-5.009809136390686035e-01
-4.593767821788787842e-01
1.489202022552490234e+00
-6.689792871475219727e-01
-2.751614749431610107e-01
-5.590606927871704102e-01
-7.603285312652587891e-01
5.221930742263793945e-01
-2.226547241210937500e+00
7.265561819076538086e-02
1.333609342575073242e+00
1.739617228507995605e+00
2.170431762933731079e-01
5.025013685226440430e-01
-1.422415375709533691e-01
6.951469182968139648e-01
-8.493558317422866821e-02
-8.356642723083496094e-02
-9.419757127761840820e-02
6.221288442611694336e-01
-9.319010376930236816e-01
-6.261157989501953125e-02
3.160748720169067383e+00
-1.023898839950561523e+00
2.232595682144165039e+00
4.029312431812286377e-01
5.309429168701171875e-01
8.970987200736999512e-01
-1.531616449356079102e-01
-2.031309604644775391e-01
1.421668767929077148e+00
6.648000478744506836e-01
8.616579174995422363e-01
1.414590924978256226e-01
-3.230694532394409180e-01
-5.735843777656555176e-01
4.319749772548675537e-01
-9.930267930030822754e-01
-3.116524219512939453e-01
-1.068152546882629395e+00
-1.732105910778045654e-01
1.439460992813110352e+00
5.653194785118103027e-01
-1.394901573657989502e-01
1.881125569343566895e-02
-2.977783679962158203e-01
-1.545825242996215820e+00
5.739861726760864258e-01
2.791674137115478516e-01
-2.435961365699768066e-01
-1.534188091754913330e-01
8.912057280540466309e-01
8.011830449104309082e-01
-7.026332616806030273e-01
3.136771917343139648e-02
-6.613754034042358398e-01
5.532526969909667969e-01
-1.805022597312927246e+00
3.865526020526885986e-01
-1.594622731208801270e-01
3.888863921165466309e-01
-5.711412429809570312e-01
-6.345797777175903320e-01
-6.527102589607238770e-01
-7.131862640380859375e-01
-1.906773686408996582e+00
-1.041387081146240234e+00
2.412793338298797607e-01
-2.120768308639526367e+00
1.405694246292114258e+00
-8.336772918701171875e-01
-2.701346278190612793e-01
-1.086585998535156250e+00
1.176434278488159180e+00
-2.304898798465728760e-01
7.325937747955322266e-01
-1.035451173782348633e+00
-1.046187043190002441e+00
1.885299384593963623e-01
-1.267029643058776855e+00
-5.980872511863708496e-01
-1.351218521595001221e-01
-9.296426773071289062e-01
1.648863554000854492e-01
-5.369617938995361328e-01
1.267333179712295532e-01
1.548677563667297363e+00
5.247457027435302734e-01
5.582078099250793457e-01
-2.946656942367553711e-01
3.431424498558044434e-01
-1.208852231502532959e-01
-8.020129203796386719e-01
-9.216213226318359375e-02
1.034225940704345703e+00
1.895096778869628906e+00
-3.112393617630004883e-02
2.647281587123870850e-01
-1.591023087501525879e+00
1.664351522922515869e-01
-7.751906663179397583e-02
1.032615780830383301e+00
4.581367969512939453e-02
-6.892467141151428223e-01
-1.442444324493408203e+00
-1.411579847335815430e+00
-4.944327473640441895e-01
-7.359695434570312500e-01
-6.867939233779907227e-01
-6.063331365585327148e-01
1.007562726736068726e-01
1.430233955383300781e+00
-6.988051533699035645e-01
-1.420253515243530273e-01
2.644605338573455811e-01
-9.605137109756469727e-01
5.150166153907775879e-02
5.946422219276428223e-01
7.924052476882934570e-01
-3.364107012748718262e-01
-2.426977306604385376e-01
1.425462365150451660e-01
-1.617456316947937012e+00
-1.335190773010253906e+00
-1.714980244636535645e+00
1.419030904769897461e+00
-1.216476202011108398e+00
4.443883299827575684e-01
1.599260926246643066e+00
-7.807852625846862793e-01
4.341992735862731934e-01
-3.577070832252502441e-01
1.710917055606842041e-01
-1.730728626251220703e+00
-5.865972638130187988e-01
1.687324941158294678e-01
-1.564435005187988281e+00
-1.492174565792083740e-01
6.549656391143798828e-01
-1.487868428230285645e+00
1.345664858818054199e-01
9.043588638305664062e-01
1.847912073135375977e-01
-8.284615278244018555e-01
-1.465251743793487549e-01
1.032674789428710938e+00
-8.541675806045532227e-01
-6.263744235038757324e-01
1.221312999725341797e+00
-6.292269825935363770e-01
-9.201041460037231445e-01
-1.235366582870483398e+00
-2.035123705863952637e-01
-1.729743480682373047e-01
7.167473435401916504e-02
1.595032513141632080e-01
5.649471879005432129e-01
-1.215661644935607910e+00
8.019205927848815918e-01
-2.027745246887207031e-01
-1.510987520217895508e+00
-6.758092641830444336e-01
-1.132111787796020508e+00
-1.205779314041137695e-01
1.331279993057250977e+00
1.863987445831298828e-01
1.273034572601318359e+00
5.077353119850158691e-01
5.718132257461547852e-01
2.226020544767379761e-01
-9.184529781341552734e-01
-1.179409623146057129e-01
-8.450558185577392578e-01
3.846340775489807129e-01
4.143395423889160156e-01
-5.423009395599365234e-02
5.548131465911865234e-01
4.469135999679565430e-01
5.717381834983825684e-01
-8.089053630828857422e-01
9.944160580635070801e-01
8.477860093116760254e-01
1.400541782379150391e+00
4.497968256473541260e-01
3.532115221023559570e-01
2.123634338378906250e+00
2.118141174316406250e+00
3.641896545886993408e-01
-2.487548887729644775e-01
-3.622410893440246582e-01
1.125013351440429688e+00
1.632923632860183716e-02
1.500376462936401367e+00
7.075272798538208008e-01
-1.244873106479644775e-01
-7.895510196685791016e-01
8.885060250759124756e-02
-1.616959929466247559e+00
2.013914585113525391e-01
4.172748327255249023e-01
-2.095388889312744141e+00
8.845703601837158203e-01
-1.532367765903472900e-01
2.853327035903930664e+00
5.772275924682617188e-01
1.164797544479370117e+00
-5.339438915252685547e-01
5.808278918266296387e-02
2.805598676204681396e-01
-2.343731820583343506e-01
6.923964023590087891e-01
-5.127682685852050781e-01
5.871601700782775879e-01
1.102283596992492676e-01
-2.411175370216369629e-01
-1.444035410881042480e+00
1.138868480920791626e-01
-1.133044123649597168e+00
3.913658559322357178e-01
-9.447964429855346680e-01
-8.754557967185974121e-01
5.059269666671752930e-01
-5.707554221153259277e-01
-1.388416528701782227e+00
2.563827633857727051e-01
8.396727442741394043e-01
-1.185064435005187988e+00
3.414478302001953125e-01
2.098156213760375977e+00
1.050032734870910645e+00
4.444542527198791504e-02
-1.017017960548400879e+00
1.272142648696899414e+00
-1.049696326255798340e+00
2.306601047515869141e+00
2.314826011657714844e+00
-2.309647321701049805e+00
-3.726657032966613770e-01
2.346529364585876465e-01
-8.400277793407440186e-02
1.732664853334426880e-01
2.039533853530883789e-02
6.493945121765136719e-01
7.577196359634399414e-01
4.900720715522766113e-02
-7.942830324172973633e-01
-6.804221868515014648e-02
-2.109490633010864258e+00
-1.305825948715209961e+00
-2.103510141372680664e+00
1.613496065139770508e+00
6.623454689979553223e-01
-1.557323217391967773e+00
1.435664176940917969e+00
3.803873956203460693e-01
1.034299492835998535e+00
2.768447995185852051e-01
-8.827210664749145508e-01
7.480098009109497070e-01
-1.099735617637634277e+00
1.032285571098327637e+00
-1.529636830091476440e-01
1.512341976165771484e+00
8.198145627975463867e-01
-1.291432619094848633e+00
8.967051506042480469e-01
7.857831716537475586e-01
4.144780039787292480e-01
-1.479599475860595703e-01
2.102860808372497559e-02
7.264536023139953613e-01
8.210895061492919922e-01
1.225118041038513184e+00
-3.984004855155944824e-01
3.201392292976379395e-01
-3.652959465980529785e-01
8.681998252868652344e-01
3.620306849479675293e-01
-4.118338823318481445e-01
-6.168095469474792480e-01
6.015384197235107422e-02
-4.276877641677856445e-02
1.246939301490783691e-01
-1.124676227569580078e+00
3.670794665813446045e-01
3.019495904445648193e-01
2.078975200653076172e+00
8.115429282188415527e-01
-7.502394169569015503e-02
9.419586062431335449e-01
8.765099048614501953e-01
-1.368059635162353516e+00
-5.226583480834960938e-01
-8.567272424697875977e-01
3.262824416160583496e-01
9.824633598327636719e-04
4.078233242034912109e-01
-1.021542787551879883e+00
-8.301395177841186523e-01
1.304666042327880859e+00
-1.735569477081298828e+00
-3.758554756641387939e-01
1.542307615280151367e+00
-1.198850274085998535e+00
-4.732474684715270996e-01
-1.646935939788818359e-01
-1.367867827415466309e+00
1.265507936477661133e-01
1.626968622207641602e+00
4.606417715549468994e-01
-1.265576481819152832e+00
-1.368832945823669434e+00
2.570989727973937988e-01
8.943722844123840332e-01
1.977158904075622559e+00
6.884698867797851562e-01
7.664252519607543945e-01
-2.090086221694946289e+00
-1.405619621276855469e+00
1.795941472053527832e+00
-6.724270582199096680e-01
-7.897144556045532227e-02
1.206228733062744141e+00
4.299876093864440918e-01
8.019651770591735840e-01
-2.177770435810089111e-01
5.720794796943664551e-01
-2.966015934944152832e-01
1.666413545608520508e+00
3.685917258262634277e-01
4.074643850326538086e-01
-1.368209481239318848e+00
6.062441468238830566e-01
-7.440834045410156250e-01
4.553191065788269043e-01
6.509752273559570312e-01
-1.460579037666320801e+00
3.138966262340545654e-01
-6.828727722167968750e-01
-4.783519208431243896e-01
-5.704886913299560547e-01
1.907699108123779297e-01
-1.155256509780883789e+00
2.171094894409179688e+00
3.390704393386840820e-01
1.138923764228820801e+00
-1.898288011550903320e+00
-1.684370279312133789e+00
1.325344294309616089e-02
1.389833807945251465e+00
-1.197726011276245117e+00
-4.673796594142913818e-01
3.809762299060821533e-01
-2.392870426177978516e+00
-4.511385560035705566e-01
1.050947070121765137e+00
-1.330817341804504395e-01
1.066665768623352051e+00
6.615951061248779297e-01
1.834022164344787598e+00
-5.275614857673645020e-01
-2.419278621673583984e+00
-1.609890818595886230e+00
-6.526929140090942383e-01
2.244290113449096680e+00
-1.751744151115417480e-01
1.719941020011901855e+00
-1.408799886703491211e-01
1.130352765321731567e-01
-2.045263051986694336e-01
3.160620927810668945e-01
6.276636123657226562e-01
1.290701866149902344e+00
1.246154546737670898e+00
1.203670501708984375e+00
3.193680047988891602e-01
-2.057154849171638489e-02
-1.052276611328125000e+00
7.142543196678161621e-01
-2.591631412506103516e-01
-3.007955253124237061e-01
-6.022242307662963867e-01
-3.099882602691650391e-02
-2.540534734725952148e-01
2.767127990722656250e+00
7.851468324661254883e-01
1.729665994644165039e+00
-4.137028455734252930e-01
-1.574124336242675781e+00
-1.706326723098754883e+00
1.403958916664123535e+00
-8.680024147033691406e-01
-1.401886045932769775e-01
8.465160727500915527e-01
7.960292696952819824e-01
-1.482211828231811523e+00
-9.616556763648986816e-01
-3.799712657928466797e-01
4.360768198966979980e-01
1.690080046653747559e+00
-6.057065129280090332e-01
-3.117135167121887207e-01
1.217304229736328125e+00
-3.690611720085144043e-01
-2.237716674804687500e+00
-5.024721622467041016e-01
5.859587192535400391e-01
-1.768925666809082031e+00
-5.909829139709472656e-01
-1.411620497703552246e+00
-1.814886182546615601e-01
-1.050861239433288574e+00
1.596693515777587891e+00
1.614715337753295898e+00
1.736608386039733887e+00
-9.081361889839172363e-01
1.153850793838500977e+00
-2.550401985645294189e-01
2.018242359161376953e+00
1.265459299087524414e+00
5.531998276710510254e-01
3.464367985725402832e-01
1.144764661788940430e+00
-3.790110945701599121e-01
2.317318320274353027e-02
9.627443552017211914e-01
1.629861593246459961e+00
-1.639398038387298584e-01
-6.545917391777038574e-01
-4.715364873409271240e-01
-5.263000726699829102e-01
-1.156240701675415039e+00
-4.699769616127014160e-02
3.007317781448364258e-01
-1.160527467727661133e-01
-7.128486037254333496e-01
1.334252059459686279e-01
-9.808142781257629395e-01
-3.797056972980499268e-01
-2.037654221057891846e-01
5.710284709930419922e-01
1.917694211006164551e-01
-6.557750105857849121e-01
1.086416125297546387e+00
-3.096587955951690674e-02
-8.113033771514892578e-01
-1.402856111526489258e+00
-2.187860012054443359e-02
1.261319756507873535e+00
-3.099678754806518555e-01
2.090906143188476562e+00
5.254795551300048828e-01
9.474873542785644531e-01
-5.332700014114379883e-01
4.636104106903076172e-01
1.679486155509948730e+00
-6.684685945510864258e-01
1.069767773151397705e-01
-9.336407184600830078e-01
5.786201953887939453e-01
-6.009095907211303711e-01
1.487949490547180176e+00
6.535440087318420410e-01
3.016291260719299316e-01
-8.112883567810058594e-01
1.339934587478637695e+00
-1.061791777610778809e+00
1.465490460395812988e-01
-6.343702673912048340e-01
-1.327356100082397461e+00
-7.644239068031311035e-01
1.647165775299072266e+00
8.505669832229614258e-01
9.231128692626953125e-01
1.240080595016479492e-02
-2.473309040069580078e-01
1.896005153656005859e+00
3.497626185417175293e-01
1.360857486724853516e+00
-1.240100026130676270e+00
3.373861312866210938e-03
1.389345169067382812e+00
1.730975210666656494e-01
-9.963564872741699219e-01
2.262607514858245850e-01
2.537042796611785889e-01
-7.143408060073852539e-02
-6.074985265731811523e-01
8.194108009338378906e-01
-1.846003055572509766e+00
3.353992402553558350e-01
-2.210816293954849243e-01
-1.905757784843444824e-01
-1.228472948074340820e+00
-1.230562686920166016e+00
-1.026147246360778809e+00
1.796523690223693848e+00
-9.417293965816497803e-02
6.887391805648803711e-01
6.583530306816101074e-01
1.760857462882995605e+00
-5.082561373710632324e-01
5.752315521240234375e-01
-7.602342367172241211e-01
1.319855451583862305e-03
-5.605727434158325195e-01
2.025214433670043945e+00
-3.489621877670288086e-01
9.195628762245178223e-02
1.113865137100219727e+00
-6.814441680908203125e-01
8.615028858184814453e-01
-7.348083257675170898e-01
-3.364251255989074707e-01
1.668913841247558594e+00
-5.050753355026245117e-01
-2.382960021495819092e-01
-3.618727028369903564e-01
-5.114637613296508789e-01
5.551921129226684570e-01
-1.917442917823791504e+00
-9.813886880874633789e-02
1.626112580299377441e+00
1.597788453102111816e+00
4.337986707687377930e-01
5.310475826263427734e-01
-1.464396417140960693e-01
8.758983016014099121e-01
-1.469458937644958496e-01
-2.752032279968261719e-01
-3.248380422592163086e-01
5.811709165573120117e-01
-1.047133684158325195e+00
9.695285558700561523e-02
2.942566394805908203e+00
-1.051417231559753418e+00
2.069270372390747070e+00
8.346998691558837891e-02
7.040108442306518555e-01
1.167496204376220703e+00
-1.746582984924316406e-01
-3.683768510818481445e-01
1.617396831512451172e+00
7.950868010520935059e-01
9.610320925712585449e-01
1.650862544775009155e-01
-1.717121899127960205e-01
-6.888575553894042969e-01
2.158220708370208740e-01
-9.023807644844055176e-01
-3.835918903350830078e-01
-1.284027218818664551e+00
-2.473188340663909912e-01
1.287033319473266602e+00
4.475000500679016113e-01
-1.325652599334716797e-01
-3.305953145027160645e-01
-3.370807170867919922e-01
-1.554653406143188477e+00
2.640588283538818359e-01
4.798442721366882324e-01
-3.091271519660949707e-01
8.945655822753906250e-02
9.950913786888122559e-01
5.297601819038391113e-01
-5.822858810424804688e-01
3.211113810539245605e-01
-7.652704715728759766e-01
7.845170497894287109e-01
-1.429339528083801270e+00
6.565309762954711914e-01
-4.257655143737792969e-02
2.432502210140228271e-01
-8.077912330627441406e-01
-1.074041247367858887e+00
-8.456029891967773438e-01
-9.443613290786743164e-01
-2.137723684310913086e+00
-9.567336440086364746e-01
2.854244709014892578e-01
-1.549861669540405273e+00
1.682660102844238281e+00
-8.109220266342163086e-01
-4.116317629814147949e-01
-9.593786001205444336e-01
1.327725052833557129e+00
-8.175587058067321777e-01
5.830718278884887695e-01
-1.367001533508300781e+00
-6.258453726768493652e-01
-5.794977396726608276e-02
-1.393800377845764160e+00
-3.753718733787536621e-01
-5.566113591194152832e-01
-6.206911802291870117e-01
-5.686357617378234863e-01
-1.766688585281372070e+00
-4.125557243824005127e-01
1.785959601402282715e+00
6.712731719017028809e-01
5.629681944847106934e-01
-4.848971962928771973e-01
8.485248088836669922e-01
-9.113535284996032715e-02
-9.645814895629882812e-01
3.137781620025634766e-01
1.317483425140380859e+00
1.923291206359863281e+00
3.732726871967315674e-01
4.609927535057067871e-01
-7.595353126525878906e-01
-4.060502648353576660e-01
-2.105189859867095947e-01
1.075863718986511230e+00
6.563431024551391602e-02
1.053027808666229248e-01
-1.173750281333923340e+00
-1.546595096588134766e+00
-1.489146471023559570e+00
-1.123712301254272461e+00
-1.052291393280029297e+00
-5.554186105728149414e-01
-4.942604899406433105e-02
1.162126064300537109e+00
-7.612018585205078125e-01
3.137992620468139648e-01
-1.043168306350708008e-01
-1.176416397094726562e+00
1.471427977085113525e-01
2.930812835693359375e-01
9.390408992767333984e-01
-2.135131657123565674e-01
4.293086528778076172e-01
-4.162710905075073242e-02
-1.191956758499145508e+00
-1.695727944374084473e+00
-1.793150305747985840e+00
8.877661228179931641e-01
-1.022713661193847656e+00
9.534134268760681152e-01
1.699054479598999023e+00
-7.018598318099975586e-01
5.505275130271911621e-01
-2.708879411220550537e-01
3.705518841743469238e-01
-1.739390492439270020e+00
-4.699812531471252441e-01
-2.095213532447814941e-01
-1.173279166221618652e+00
-3.213048577308654785e-01
2.066358923912048340e-01
-2.147539377212524414e+00
3.474435210227966309e-01
9.414340257644653320e-01
-5.590565204620361328e-01
-6.328253149986267090e-01
3.907405436038970947e-01
8.746643364429473877e-02
-8.885138034820556641e-01
-5.842330455780029297e-01
9.680082798004150391e-01
-6.692757606506347656e-01
-4.245036840438842773e-01
-1.174415111541748047e+00
-4.640474915504455566e-01
-2.192090153694152832e-01
-3.020866513252258301e-01
2.826762795448303223e-01
-7.173353433609008789e-02
-1.089613199234008789e+00
9.541221261024475098e-01
-4.896454513072967529e-01
-1.261748552322387695e+00
-8.953776359558105469e-01
-1.289266467094421387e+00
-7.537655830383300781e-01
2.060568332672119141e+00
5.484294295310974121e-01
6.173787117004394531e-01
3.092829585075378418e-01
2.021380066871643066e-01
4.405430555343627930e-01
-1.087142109870910645e+00
-3.299802839756011963e-01
-1.315881729125976562e+00
4.097132682800292969e-01
7.037525177001953125e-01
-3.914272785186767578e-01
3.400338888168334961e-01
5.548727512359619141e-02
2.083568572998046875e-01
-6.032416820526123047e-01
1.571262001991271973e+00
8.755025863647460938e-01
1.629937171936035156e+00
4.531632959842681885e-01
1.144922614097595215e+00
1.603987812995910645e+00
1.288048863410949707e+00
1.510840356349945068e-01
6.785489320755004883e-01
-6.988943815231323242e-01
4.092119932174682617e-01
6.543999314308166504e-01
1.485231995582580566e+00
8.651102185249328613e-01
-5.743342041969299316e-01
-7.788611054420471191e-01
3.901933729648590088e-01
-1.794653296470642090e+00
1.058148145675659180e+00
1.038243174552917480e+00
-1.765251517295837402e+00
8.412940502166748047e-01
2.032922208309173584e-01
2.350595235824584961e+00
1.359836850315332413e-02
2.010864257812500000e+00
-4.958989322185516357e-01
-7.746276259422302246e-02
1.083662390708923340e+00
-7.210022807121276855e-01
1.245687603950500488e-01
-3.995576500892639160e-02
8.033646345138549805e-01
1.109654605388641357e-01
-5.067672133445739746e-01
-1.095800518989562988e+00
5.545829534530639648e-01
-1.360528588294982910e+00
9.320044517517089844e-01
-7.939788103103637695e-01
-5.663943290710449219e-01
9.213712811470031738e-01
-9.718372821807861328e-01
-1.220067977905273438e+00
2.270369529724121094e-01
2.678400278091430664e-01
-1.167613387107849121e+00
1.065183520317077637e+00
2.331721305847167969e+00
1.321903347969055176e+00
7.318371534347534180e-01
-7.555162906646728516e-01
8.412462472915649414e-01
-2.072747051715850830e-01
1.847878336906433105e+00
2.249248504638671875e+00
-1.444156408309936523e+00
-2.196999043226242065e-01
-9.833204746246337891e-02
-1.831304877996444702e-01
1.664088070392608643e-01
-7.593047618865966797e-02
8.159227669239044189e-02
4.619281589984893799e-01
-1.449137926101684570e-02
-6.474274992942810059e-01
2.361504435539245605e-01
-2.464201927185058594e+00
-9.366809725761413574e-01
-2.172708034515380859e+00
1.775517702102661133e+00
3.725160658359527588e-01
-3.812662363052368164e-01
1.337290883064270020e+00
1.569430828094482422e-01
1.107358932495117188e+00
-1.039101928472518921e-01
-2.015712559223175049e-01
1.288552761077880859e+00
-1.412400245666503906e+00
1.132830262184143066e+00
-3.059829771518707275e-02
2.301454782485961914e+00
7.872872352600097656e-01
-1.197553157806396484e+00
7.948999404907226562e-01
2.438596785068511963e-01
2.972547411918640137e-01
-1.153039932250976562e-01
5.714141726493835449e-01
5.970448851585388184e-01
6.225801706314086914e-01
1.125344276428222656e+00
-4.754581451416015625e-01
8.429002761840820312e-01
-5.232864022254943848e-01
9.571396112442016602e-01
1.512777358293533325e-01
-5.120270848274230957e-01
-1.242498993873596191e+00
-1.881027966737747192e-01
-1.255798339843750000e-02
5.651601552963256836e-01
-1.132355451583862305e+00
1.007943391799926758e+00
2.370904684066772461e-01
1.205668449401855469e+00
8.821642398834228516e-01
2.778525650501251221e-01
6.064441800117492676e-01
1.199741125106811523e+00
-1.686284303665161133e+00
-5.310479998588562012e-01
-1.002399444580078125e+00
-2.404423356056213379e-01
-3.177363276481628418e-01
5.608969330787658691e-01
-1.313604116439819336e+00
-3.259302675724029541e-01
1.534515500068664551e+00
-2.139746904373168945e+00
1.265659332275390625e-01
9.879129528999328613e-01
-7.579492926597595215e-01
-3.941583037376403809e-01
5.535604953765869141e-01
-9.782828092575073242e-01
3.067227303981781006e-01
1.496279716491699219e+00
2.899521589279174805e-01
-1.221969604492187500e+00
-1.784419536590576172e+00
4.478995501995086670e-01
1.100927114486694336e+00
1.653684496879577637e+00
5.680757761001586914e-01
6.308444738388061523e-01
-2.126796722412109375e+00
-1.338356971740722656e+00
1.531182169914245605e+00
-9.557286500930786133e-01
-3.505548238754272461e-01
6.362488269805908203e-01
1.236185431480407715e+00
1.118489146232604980e+00
-7.316839694976806641e-01
3.720435500144958496e-01
3.500904440879821777e-01
1.657329082489013672e+00
-2.698171138763427734e-02
4.454687833786010742e-01
-1.838008880615234375e+00
-3.863481059670448303e-02
-5.503281354904174805e-01
-2.904880046844482422e-02
6.042261123657226562e-01
-1.174995422363281250e+00
3.060542047023773193e-01
-4.666172266006469727e-01
1.157376170158386230e-01
8.328080177307128906e-01
9.101074934005737305e-01
-9.086394906044006348e-01
1.678511619567871094e+00
9.494066238403320312e-02
1.374605894088745117e+00
-1.733090877532958984e+00
-1.813723444938659668e+00
-2.175830602645874023e-01
1.314017653465270996e+00
-3.879722356796264648e-01
-5.771451592445373535e-01
-4.353886246681213379e-01
-2.077768325805664062e+00
-7.596139311790466309e-01
1.073896884918212891e+00
-6.861841082572937012e-01
5.858584642410278320e-01
4.492191970348358154e-01
1.717301964759826660e+00
-9.394311904907226562e-01
-2.050353288650512695e+00
-1.098438382148742676e+00
-8.294829130172729492e-01
2.297617912292480469e+00
3.153131604194641113e-01
1.408304095268249512e+00
-1.179544091224670410e+00
-2.150993347167968750e-01
-3.228042125701904297e-01
-2.729945778846740723e-01
1.157370567321777344e+00
7.323230504989624023e-01
1.772884726524353027e+00
6.652104854583740234e-01
8.305993080139160156e-01
-4.226764142513275146e-01
-9.634767174720764160e-01
6.970473527908325195e-01
5.099257826805114746e-02
-4.306023716926574707e-01
-1.010307908058166504e+00
3.603898286819458008e-01
-3.365567922592163086e-01
2.347286701202392578e+00
9.483337402343750000e-02
1.461057901382446289e+00
-3.190558850765228271e-01
-1.379809141159057617e+00
-1.661828756332397461e+00
2.266271829605102539e+00
-1.101704835891723633e+00
1.592152714729309082e-01
7.962005734443664551e-01
9.927834272384643555e-01
-7.777531743049621582e-01
-8.205564022064208984e-01
-4.844813942909240723e-01
-2.764742970466613770e-01
1.172489523887634277e+00
5.910789966583251953e-02
2.151750326156616211e-01
1.074781060218811035e+00
-4.859182238578796387e-01
-1.674833297729492188e+00
-9.739542007446289062e-01
3.075395226478576660e-01
-1.632796287536621094e+00
-1.056871652603149414e+00
-1.206394433975219727e+00
-3.624605238437652588e-01
-1.113808751106262207e+00
1.541605710983276367e+00
1.146038293838500977e+00
1.683246612548828125e+00
-1.222214221954345703e+00
1.461363554000854492e+00
1.432623714208602905e-01
1.992702364921569824e+00
7.967916727066040039e-01
1.402168273925781250e-01
3.977605402469635010e-01
8.207037448883056641e-01
-4.574850201606750488e-01
1.178365647792816162e-01
1.073156952857971191e+00
1.848130702972412109e+00
1.318883448839187622e-01
-7.300070524215698242e-01
-4.376666843891143799e-01
-6.510038375854492188e-01
-7.479726076126098633e-01
5.893357098102569580e-02
3.705005645751953125e-01
-3.417283296585083008e-01
-1.100080966949462891e+00
3.231781125068664551e-01
-5.676181316375732422e-01
-2.586019933223724365e-01
-5.085845589637756348e-01
5.323020815849304199e-01
-5.436083078384399414e-01
-4.105567336082458496e-01
4.263555109500885010e-01
-2.529625892639160156e-01
-9.322549104690551758e-01
-1.184700012207031250e+00
2.505847215652465820e-01
7.992607355117797852e-01
-6.333286166191101074e-01
1.670005440711975098e+00
2.114152014255523682e-01
9.936690330505371094e-01
-8.562563657760620117e-01
-2.877040207386016846e-01
1.945588350296020508e+00
-1.796157598495483398e+00
5.139811038970947266e-01
-9.572833180427551270e-01
6.016775965690612793e-01
-3.430590629577636719e-01
1.831923484802246094e+00
8.168197870254516602e-01
2.948349714279174805e-02
-6.915302276611328125e-01
1.812458038330078125e+00
-6.631828546524047852e-01
4.491269290447235107e-01
8.995318412780761719e-02
-1.577455639839172363e+00
-1.126655817031860352e+00
1.653907537460327148e+00
1.019531488418579102e+00
1.289168596267700195e+00
-2.816250324249267578e-01
-3.142626881599426270e-01
1.779024362564086914e+00
-1.957476139068603516e-03
1.001568078994750977e+00
-1.266710042953491211e+00
-8.452948331832885742e-01
1.125983953475952148e+00
-1.826540529727935791e-01
-9.412886500358581543e-01
-7.893667221069335938e-01
4.505228996276855469e-01
1.530531942844390869e-01
-2.577410936355590820e-01
3.864037096500396729e-01
-1.708266735076904297e+00
4.922492802143096924e-01
-2.243479341268539429e-01
-8.078287243843078613e-01
-9.289801120758056641e-01
-1.013159990310668945e+00
-1.092681288719177246e-01
1.947926163673400879e+00
-3.682331144809722900e-01
3.314362168312072754e-01
1.100128889083862305e+00
1.206303715705871582e+00
-8.199021220207214355e-01
6.245394945144653320e-01
-1.451165556907653809e+00
3.883577585220336914e-01
6.948220729827880859e-02
2.479429721832275391e+00
-4.320202469825744629e-01
2.649678587913513184e-01
8.510285019874572754e-01
-7.796050310134887695e-01
1.021180152893066406e+00
-4.887487292289733887e-01
-4.963338077068328857e-01
1.537030935287475586e+00
-2.539847493171691895e-01
-1.506841480731964111e-01
1.565503180027008057e-01
-9.885351657867431641e-01
4.119503498077392578e-01
-2.004967212677001953e+00
1.294771432876586914e-01
1.052472591400146484e+00
1.438430190086364746e+00
4.084930419921875000e-01
3.112751245498657227e-01
3.197697401046752930e-01
1.432887911796569824e-01
-9.984255433082580566e-01
-4.365026950836181641e-02
-2.325692474842071533e-01
5.535352230072021484e-01
-1.329951047897338867e+00
4.743587076663970947e-01
2.673550605773925781e+00
-1.245351314544677734e+00
1.467446088790893555e+00
-4.794001579284667969e-04
-1.469087600708007812e-01
1.307356834411621094e+00
-6.459271907806396484e-01
-1.741408109664916992e-01
1.874665141105651855e+00
9.394246339797973633e-01
1.093899965286254883e+00
1.931736618280410767e-01
-1.283831596374511719e-01
-7.534364610910415649e-02
-2.374447137117385864e-01
-1.433339834213256836e+00
-1.547165513038635254e-01
-1.134371161460876465e+00
-5.070674419403076172e-01
8.084754943847656250e-01
2.236784398555755615e-01
-6.840356588363647461e-01
-3.407802581787109375e-01
-8.463491201400756836e-01
-9.471866488456726074e-01
7.770451307296752930e-01
6.048420071601867676e-01
-6.749917268753051758e-01
1.282203197479248047e-02
1.624055862426757812e+00
8.602311611175537109e-01
-4.771549701690673828e-01
5.160824656486511230e-01
-1.133339643478393555e+00
1.033410429954528809e+00
-1.249297261238098145e+00
8.514935374259948730e-01
1.484206318855285645e-01
1.737145036458969116e-01
-5.002107620239257812e-01
-1.003042340278625488e+00
-8.257296681404113770e-01
-9.005239009857177734e-01
-2.005970716476440430e+00
-6.666917204856872559e-01
2.458446472883224487e-01
-1.716181635856628418e+00
1.782265663146972656e+00
-7.670577764511108398e-01
-1.269165277481079102e-01
-6.217704415321350098e-01
1.361917018890380859e+00
-6.806333661079406738e-01
9.648084640502929688e-01
-1.455649375915527344e+00
-3.896589875221252441e-01
-2.950676977634429932e-01
-1.121230840682983398e+00
-6.602977514266967773e-01
-5.069392919540405273e-01
-5.105289220809936523e-01
-5.682834386825561523e-01
-1.543032288551330566e+00
-2.960532605648040771e-01
1.455928087234497070e+00
3.995769619941711426e-01
3.334971964359283447e-01
-4.190595149993896484e-01
6.048565506935119629e-01
-6.000989675521850586e-02
-9.766122102737426758e-01
7.409454584121704102e-01
1.117212772369384766e+00
1.812262058258056641e+00
6.006234884262084961e-02
4.818779826164245605e-01
-1.111595749855041504e+00
-3.147643804550170898e-01
-2.014246881008148193e-01
1.619656205177307129e+00
1.518567204475402832e-01
-9.351164102554321289e-02
-1.408988714218139648e+00
-1.403956413269042969e+00
-1.568657517433166504e+00
-9.109506607055664062e-01
-1.027416586875915527e+00
-3.010029196739196777e-01
-6.101089715957641602e-02
1.215777397155761719e+00
-8.832426667213439941e-01
2.385520935058593750e-02
-1.842293143272399902e-01
-1.091566562652587891e+00
4.612929522991180420e-01
2.974776625633239746e-01
7.767032384872436523e-01
-2.287556827068328857e-01
2.308352291584014893e-01
1.141635626554489136e-01
-9.926757812500000000e-01
-1.864955902099609375e+00
-1.306944608688354492e+00
7.151389122009277344e-01
-9.236083030700683594e-01
1.445942878723144531e+00
1.565286517143249512e+00
-6.580420136451721191e-01
-1.637745797634124756e-01
-4.796887338161468506e-01
5.408746004104614258e-01
-1.857652664184570312e+00
-7.338037490844726562e-01
-1.276804208755493164e-01
-1.309175729751586914e+00
-3.336307406425476074e-01
-1.353757083415985107e-01
-2.156184434890747070e+00
5.536307096481323242e-01
9.500120878219604492e-01
-1.542717218399047852e-01
-9.446884393692016602e-01
1.604203879833221436e-01
3.585755825042724609e-03
-2.279170155525207520e-01
-8.958136439323425293e-01
1.109020471572875977e+00
-7.590332627296447754e-01
-6.501713991165161133e-01
-9.500599503517150879e-01
-4.526183009147644043e-01
6.546550989151000977e-02
-3.207125067710876465e-01
3.922972977161407471e-01
8.792418241500854492e-02
-1.227407097816467285e+00
1.238365292549133301e+00
-2.472860813140869141e-01
-1.135390520095825195e+00
-5.992866158485412598e-01
-1.324827671051025391e+00
-3.628802299499511719e-01
1.849331378936767578e+00
3.115738630294799805e-01
5.247451066970825195e-01
3.488579690456390381e-01
-7.251678407192230225e-02
-1.290904879570007324e-01
-1.351215600967407227e+00
1.742798089981079102e-02
-1.062266349792480469e+00
5.825315713882446289e-01
7.380144596099853516e-01
-1.861700415611267090e-01
4.212195873260498047e-01
4.935219287872314453e-01
1.900727152824401855e-01
-5.078176259994506836e-01
1.277719259262084961e+00
9.490399956703186035e-01
1.641835212707519531e+00
5.361784696578979492e-01
7.147028446197509766e-01
1.704379677772521973e+00
1.463948011398315430e+00
3.124177157878875732e-01
8.158178329467773438e-01
-7.693413496017456055e-01
5.869479179382324219e-01
4.996915459632873535e-01
1.253230333328247070e+00
4.164251685142517090e-01
-9.254009127616882324e-01
-5.069036483764648438e-01
2.158038876950740814e-02
-1.470431923866271973e+00
1.235749006271362305e+00
1.015018820762634277e+00
-1.717111706733703613e+00
9.460934400558471680e-01
-7.341980934143066406e-03
2.084733247756958008e+00
-2.385095134377479553e-02
1.681324839591979980e+00
-4.559445083141326904e-01
1.650687754154205322e-01
9.444733858108520508e-01
-3.971625864505767822e-01
2.208393216133117676e-01
1.093338429927825928e-02
6.808197498321533203e-01
1.807728111743927002e-01
-5.903537273406982422e-01
-1.155160665512084961e+00
2.305876910686492920e-01
-1.562912702560424805e+00
7.876551747322082520e-01
-7.595510482788085938e-01
-6.234862208366394043e-01
9.241389632225036621e-01
-7.344899177551269531e-01
-1.629076004028320312e+00
5.868756771087646484e-02
2.472029328346252441e-01
-1.028876304626464844e+00
1.200637578964233398e+00
2.295008182525634766e+00
1.671007037162780762e+00
9.301065206527709961e-01
-4.943044185638427734e-01
7.403180599212646484e-01
-1.756581515073776245e-01
1.851137161254882812e+00
2.213117122650146484e+00
-1.815709829330444336e+00
-2.770004570484161377e-01
-1.475589275360107422e-01
-4.705067873001098633e-01
4.280981421470642090e-01
-3.329271376132965088e-01
4.206832647323608398e-01
4.494082927703857422e-01
9.251594543457031250e-03
-2.218566238880157471e-01
-2.246603369712829590e-01
-2.088870286941528320e+00
-1.265710115432739258e+00
-2.169441938400268555e+00
1.807011604309082031e+00
7.349904775619506836e-01
-5.665212273597717285e-01
1.760040879249572754e+00
4.992532730102539062e-02
1.230674862861633301e+00
-1.261775344610214233e-01
-5.844504833221435547e-01
5.058040022850036621e-01
-1.249802470207214355e+00
1.010014772415161133e+00
9.669674187898635864e-02
1.845724105834960938e+00
8.983325958251953125e-01
-1.019191980361938477e+00
8.797402381896972656e-01
3.547496497631072998e-01
4.805786609649658203e-01
-2.579622864723205566e-01
4.221242070198059082e-01
6.622837185859680176e-01
5.232168436050415039e-01
8.421993255615234375e-01
-4.472947418689727783e-01
5.642243027687072754e-01
-3.795983791351318359e-01
7.335370779037475586e-01
2.315665036439895630e-01
-2.963945269584655762e-01
-1.226395249366760254e+00
-5.853411555290222168e-01
-1.442489027976989746e-01
3.443140387535095215e-01
-7.197698950767517090e-01
8.117064833641052246e-01
2.669352293014526367e-02
1.356129884719848633e+00
1.104650259017944336e+00
6.912387907505035400e-03
4.287218749523162842e-01
1.242904663085937500e+00
-1.452807664871215820e+00
-4.094525277614593506e-01
-1.008422255516052246e+00
1.485456228256225586e-01
-1.995765566825866699e-01
1.063080057501792908e-01
-9.372450113296508789e-01
-1.900037527084350586e-01
1.613117337226867676e+00
-2.184610605239868164e+00
-1.879146993160247803e-01
1.294074058532714844e+00
-6.565134525299072266e-01
-4.158326387405395508e-01
3.583489060401916504e-01
-1.347912430763244629e+00
3.566932976245880127e-01
1.387317657470703125e+00
1.789114475250244141e-01
-9.906208515167236328e-01
-1.681128263473510742e+00
6.128014326095581055e-01
1.290299892425537109e+00
1.847767949104309082e+00
3.871108293533325195e-01
5.331356525421142578e-01
-2.440526247024536133e+00
-1.219599246978759766e+00
1.476820826530456543e+00
-1.001154303550720215e+00
-4.339864850044250488e-01
4.854755997657775879e-01
1.075035929679870605e+00
7.803586125373840332e-01
-6.838909387588500977e-01
5.607878565788269043e-01
5.931419506669044495e-02
1.897554874420166016e+00
-1.318322420120239258e-01
2.827023267745971680e-01
-2.161005496978759766e+00
1.781841516494750977e-01
-6.649007797241210938e-01
9.891372919082641602e-02
1.135084509849548340e+00
-8.804556131362915039e-01
2.441383898258209229e-01
-4.154181480407714844e-01
2.411623597145080566e-01
5.590296983718872070e-01
1.226291537284851074e+00
-9.571653604507446289e-01
1.986533761024475098e+00
2.192028760910034180e-01
1.259908556938171387e+00
-1.681570291519165039e+00
-1.725203871726989746e+00
-2.081498503684997559e-01
1.053065061569213867e+00
-4.412283897399902344e-01
-6.801416277885437012e-01
-5.524310469627380371e-01
-1.624001741409301758e+00
-8.389964699745178223e-01
1.011821746826171875e+00
-6.902623772621154785e-01
6.756583452224731445e-01
2.257019579410552979e-01
1.282517790794372559e+00
-8.663141727447509766e-01
-2.053328037261962891e+00
-1.092645525932312012e+00
-1.028507590293884277e+00
1.990772366523742676e+00
4.829450249671936035e-01
1.341871738433837891e+00
-1.055700540542602539e+00
-4.686468541622161865e-01
-1.028304100036621094e-01
-1.896694451570510864e-01
7.859692573547363281e-01
1.124966740608215332e+00
1.357448101043701172e+00
4.780026674270629883e-01
4.433040618896484375e-01
-3.946499228477478027e-01
-1.449488639831542969e+00
1.109120607376098633e+00
-1.272818446159362793e-02
-3.895085155963897705e-01
-1.261280536651611328e+00
6.783432960510253906e-01
-3.868540525436401367e-01
2.443682670593261719e+00
-3.455573320388793945e-02
1.791651129722595215e+00
-3.825866580009460449e-01
-1.330450773239135742e+00
-1.810164213180541992e+00
1.900566339492797852e+00
-8.422844409942626953e-01
2.029811590909957886e-01
6.798126101493835449e-01
6.871495246887207031e-01
-3.390526771545410156e-01
-6.382275819778442383e-01
-1.431188583374023438e-01
-1.125926077365875244e-01
1.268941044807434082e+00
-3.136724829673767090e-01
9.993034601211547852e-02
1.159637212753295898e+00
-7.992017865180969238e-01
-1.421459078788757324e+00
-7.328304052352905273e-01
-2.489107549190521240e-01
-1.663505077362060547e+00
-8.181090950965881348e-01
-1.442265510559082031e+00
5.355350673198699951e-02
-1.320165514945983887e+00
1.314451694488525391e+00
1.212609529495239258e+00
1.951536774635314941e+00
-1.007209777832031250e+00
1.756631851196289062e+00
5.363095402717590332e-01
1.839153409004211426e+00
9.874776601791381836e-01
2.787638306617736816e-01
9.028634428977966309e-01
7.066186666488647461e-01
-5.030837655067443848e-01
9.347563982009887695e-02
1.085463762283325195e+00
1.949226140975952148e+00
-1.399024128913879395e-01
-6.071168184280395508e-01
-3.535342812538146973e-01
-6.476471424102783203e-01
-5.562170743942260742e-01
1.490859985351562500e-01
2.390141487121582031e-01
-5.210736989974975586e-01
-1.072237014770507812e+00
-5.242675542831420898e-03
-1.014908909797668457e+00
-1.696048676967620850e-01
-4.863315820693969727e-01
3.704104423522949219e-01
-6.290000677108764648e-01
-5.158538818359375000e-01
4.365497529506683350e-01
2.078661024570465088e-01
-4.945598542690277100e-01
-9.668517708778381348e-01
2.174645662307739258e-01
1.000559806823730469e+00
-6.253252625465393066e-01
1.709772586822509766e+00
2.495850920677185059e-01
8.259962797164916992e-01
-4.055492579936981201e-01
-2.741519510746002197e-01
1.704705357551574707e+00
-1.466307878494262695e+00
6.633111238479614258e-01
-7.644180655479431152e-01
4.625701308250427246e-01
-2.608236856758594513e-02
1.334131360054016113e+00
3.484281301498413086e-01
-2.151169627904891968e-02
-2.856836915016174316e-01
1.751292943954467773e+00
-7.269550561904907227e-01
5.207220911979675293e-01
-2.032852172851562500e-02
-1.884346604347229004e+00
-7.016531825065612793e-01
1.382595658302307129e+00
8.645713329315185547e-01
1.155738472938537598e+00
-5.244642496109008789e-01
-6.119667291641235352e-01
1.738396644592285156e+00
-1.810950040817260742e-02
6.547393202781677246e-01
-1.303050875663757324e+00
-7.749991416931152344e-01
1.436803579330444336e+00
-2.150491625070571899e-01
-5.619369745254516602e-01
-4.615938663482666016e-01
-3.832422196865081787e-02
7.550863027572631836e-01
-8.934292197227478027e-01
3.320623040199279785e-01
-1.482570171356201172e+00
2.237287461757659912e-01
-4.555755853652954102e-01
-5.987315773963928223e-01
-6.260116100311279297e-01
-8.152731060981750488e-01
-3.045569360256195068e-01
1.734616518020629883e+00
-3.394359350204467773e-01
5.237343311309814453e-01
9.923267960548400879e-01
1.500559926033020020e+00
-4.024211168289184570e-01
5.149794816970825195e-01
-1.484215140342712402e+00
5.521970987319946289e-01
-2.277602553367614746e-01
2.294836044311523438e+00
-1.394580602645874023e-01
-1.210139691829681396e-02
8.403215408325195312e-01
-7.349072694778442383e-01
9.909697175025939941e-01
-6.475707888603210449e-01
-3.841588199138641357e-01
1.497836589813232422e+00
-3.548303842544555664e-01
-6.023542881011962891e-01
3.781360685825347900e-01
-6.953371763229370117e-01
3.318378031253814697e-01
-1.684839487075805664e+00
-1.712760925292968750e-01
1.704622387886047363e+00
1.457312703132629395e+00
4.855303764343261719e-01
6.468387842178344727e-01
2.607938647270202637e-01
5.283396244049072266e-01
-1.072600960731506348e+00
7.707691192626953125e-02
-2.751808464527130127e-01
6.498509645462036133e-01
-1.530886411666870117e+00
4.192997515201568604e-01
2.790462255477905273e+00
-9.947441816329956055e-01
1.863031148910522461e+00
4.363578557968139648e-02
8.002787828445434570e-02
1.158178091049194336e+00
-2.381854057312011719e-01
-2.353301048278808594e-01
1.769614934921264648e+00
8.427348136901855469e-01
9.938294887542724609e-01
2.860472798347473145e-01
-4.028555154800415039e-01
3.054088950157165527e-01
-2.024553418159484863e-01
-1.184174418449401855e+00
-1.384930610656738281e-01
-1.287954926490783691e+00
-3.945425152778625488e-01
1.035992622375488281e+00
3.074787855148315430e-01
-6.291991472244262695e-01
-3.619187474250793457e-01
-9.951865673065185547e-01
-1.215798377990722656e+00
5.869789123535156250e-01
2.771068811416625977e-01
-3.516820669174194336e-01
1.147344112396240234e-01
1.261122703552246094e+00
9.772808551788330078e-01
-1.899294853210449219e-01
8.665108680725097656e-01
-1.503987550735473633e+00
1.087460637092590332e+00
-1.168967604637145996e+00
3.000761270523071289e-01
3.718911409378051758e-01
5.083971619606018066e-01
-5.230824351310729980e-01
-8.786002397537231445e-01
-7.931207418441772461e-01
-7.992242574691772461e-01
-1.861914753913879395e+00
-4.258516430854797363e-01
5.504503846168518066e-03
-1.872427940368652344e+00
1.797749519348144531e+00
-8.602892160415649414e-01
1.839585006237030029e-01
-4.985856413841247559e-01
1.522388696670532227e+00
-7.544823884963989258e-01
1.220052838325500488e+00
-1.349328279495239258e+00
-4.645793139934539795e-01
-2.265795469284057617e-01
-1.150092363357543945e+00
-1.160943269729614258e+00
-4.902334213256835938e-01
-6.323221325874328613e-01
-8.275784254074096680e-01
-1.549551486968994141e+00
-1.813950538635253906e-01
1.553569793701171875e+00
5.982512831687927246e-01
2.865450084209442139e-01
-3.752114176750183105e-01
2.085805535316467285e-01
-1.045232713222503662e-01
-7.984886765480041504e-01
3.022589683532714844e-01
9.087637662887573242e-01
1.991195917129516602e+00
-1.283253729343414307e-01
5.333600640296936035e-01
-7.134417295455932617e-01
8.342298865318298340e-02
-3.944537341594696045e-01
1.267880678176879883e+00
-7.574045658111572266e-02
4.583001136779785156e-03
-1.455911159515380859e+00
-1.205058097839355469e+00
-1.632095456123352051e+00
-1.211095213890075684e+00
-1.126543402671813965e+00
-6.045705080032348633e-01
-1.065964996814727783e-01
1.144494295120239258e+00
-8.852286338806152344e-01
-5.649614334106445312e-02
-1.336067318916320801e-01
-1.519289135932922363e+00
2.818317115306854248e-01
3.245269656181335449e-01
7.911779880523681641e-01
-5.450681447982788086e-01
-1.340823620557785034e-01
-1.198595166206359863e-01
-9.120500087738037109e-01
-1.853632569313049316e+00
-1.097950220108032227e+00
7.603164911270141602e-01
-9.401565790176391602e-01
1.308364391326904297e+00
1.611024737358093262e+00
-5.892489552497863770e-01
2.462255209684371948e-01
-5.172617435455322266e-01
2.454913258552551270e-01
-1.773307681083679199e+00
-5.470967292785644531e-01
-4.731603264808654785e-01
-1.148509502410888672e+00
-1.416083872318267822e-01
2.150461077690124512e-02
-2.186321496963500977e+00
4.134730100631713867e-01
1.197184920310974121e+00
-2.608090639114379883e-02
-9.603068828582763672e-01
3.059789836406707764e-01
-2.114361822605133057e-01
-4.322771728038787842e-01
-5.833845138549804688e-01
1.591736078262329102e+00
-9.745308756828308105e-01
-7.240629196166992188e-01
-1.089288711547851562e+00
-3.493650555610656738e-01
1.585906744003295898e-02
-4.693239927291870117e-02
2.784081995487213135e-01
6.997555494308471680e-03
-9.313653707504272461e-01
1.011683940887451172e+00
-2.187030017375946045e-01
-1.158437490463256836e+00
-4.820378422737121582e-01
-1.336987018585205078e+00
-8.284521102905273438e-02
2.101754188537597656e+00
3.763529956340789795e-01
7.235476374626159668e-01
3.833640217781066895e-01
-1.034688353538513184e-01
1.062913835048675537e-01
-1.042472481727600098e+00
3.994286060333251953e-02
-9.933549761772155762e-01
5.546912550926208496e-01
4.937975406646728516e-01
-5.345323085784912109e-01
6.511625647544860840e-01
3.353292942047119141e-01
2.562596499919891357e-01
-2.378872334957122803e-01
1.357339143753051758e+00
1.122471928596496582e+00
2.330225467681884766e+00
3.397112786769866943e-01
6.852027177810668945e-01
1.468652725219726562e+00
1.279103279113769531e+00
1.126461625099182129e-01
9.115138053894042969e-01
-9.348421096801757812e-01
9.206007719039916992e-01
3.237081468105316162e-01
1.068830609321594238e+00
3.049763441085815430e-01
-9.221851229667663574e-01
-7.919570207595825195e-01
2.653645575046539307e-01
-1.582219004631042480e+00
1.349766016006469727e+00
1.282055854797363281e+00
-1.719554305076599121e+00
8.551465272903442383e-01
5.740340054035186768e-02
1.964393854141235352e+00
2.542468719184398651e-02
1.586768150329589844e+00
-4.520473778247833252e-01
-2.239680290222167969e-02
7.033109664916992188e-01
-4.039557576179504395e-01
1.050626039505004883e-01
-3.986583948135375977e-01
9.251217842102050781e-01
3.582886755466461182e-01
-7.535325884819030762e-01
-1.445807576179504395e+00
5.542883872985839844e-01
-1.279506206512451172e+00
7.347044944763183594e-01
-7.321438789367675781e-01
-7.374985218048095703e-01
1.065234184265136719e+00
-6.518684625625610352e-01
-1.452002048492431641e+00
2.970251441001892090e-01
1.581164598464965820e-01
-1.126200199127197266e+00
9.823722839355468750e-01
2.163199901580810547e+00
1.712079882621765137e+00
8.010935187339782715e-01
-4.564968943595886230e-01
5.414389967918395996e-01
-1.141010075807571411e-01
1.752478599548339844e+00
2.701826095581054688e+00
-1.738657474517822266e+00
-1.973241418600082397e-01
-1.689964532852172852e-02
-2.963967323303222656e-01
7.800576090812683105e-02
-4.447215199470520020e-01
2.117679119110107422e-01
6.205393671989440918e-01
-8.450147509574890137e-02
-3.171537816524505615e-01
1.721348464488983154e-01
-1.870628237724304199e+00
-1.423711061477661133e+00
-2.267441987991333008e+00
1.683611392974853516e+00
6.132447123527526855e-01
-9.159606695175170898e-02
1.754338741302490234e+00
4.681470394134521484e-01
1.139876246452331543e+00
-1.261605024337768555e-01
-3.548298776149749756e-01
8.695182800292968750e-01
-1.457306981086730957e+00
9.487648010253906250e-01
1.931234598159790039e-01
2.123689174652099609e+00
6.910274028778076172e-01
-1.180521607398986816e+00
1.137200593948364258e+00
1.661618947982788086e-01
6.055007576942443848e-01
-8.561718463897705078e-02
6.406168341636657715e-01
3.033302426338195801e-01
8.342174291610717773e-01
1.103573560714721680e+00
-4.827537238597869873e-01
5.469844341278076172e-01
-1.135335117578506470e-01
7.559396624565124512e-01
6.503800153732299805e-01
-1.889045238494873047e-01
-1.232946515083312988e+00
-8.585586547851562500e-01
-2.817617356777191162e-01
4.279642403125762939e-01
-5.764633417129516602e-01
8.045104742050170898e-01
1.747200787067413330e-01
1.501754045486450195e+00
1.239731311798095703e+00
2.952783107757568359e-01
7.726662158966064453e-01
1.184137105941772461e+00
-1.467182397842407227e+00
-5.078865289688110352e-01
-9.085613489151000977e-01
-1.679701209068298340e-01
-2.191382646560668945e-01
-1.130711585283279419e-01
-9.412122964859008789e-01
-3.834722340106964111e-01
1.361496090888977051e+00
-2.131035804748535156e+00
-1.002750098705291748e-01
1.185129165649414062e+00
-6.760572195053100586e-01
-8.160169720649719238e-01
2.574197053909301758e-01
-1.323010444641113281e+00
5.078095197677612305e-01
1.443106889724731445e+00
1.436341404914855957e-01
-1.192180275917053223e+00
-1.445480823516845703e+00
5.375122427940368652e-01
1.378515958786010742e+00
1.885011792182922363e+00
3.922538757324218750e-01
5.521838665008544922e-01
-2.551869153976440430e+00
-1.388553142547607422e+00
1.588968515396118164e+00
-1.183643579483032227e+00
-2.811725735664367676e-01
3.430540859699249268e-01
8.622418642044067383e-01
7.793163657188415527e-01
-6.265064477920532227e-01
9.934937357902526855e-01
-3.610521554946899414e-03
1.757501840591430664e+00
-1.232786774635314941e-01
5.192192792892456055e-01
-2.162105083465576172e+00
4.522774815559387207e-01
-6.627143621444702148e-01
2.486544251441955566e-01
7.797523736953735352e-01
-1.197297930717468262e+00
3.139628469944000244e-01
-4.322085380554199219e-01
-1.445198059082031250e-02
6.831725835800170898e-01
9.147325754165649414e-01
-1.096969127655029297e+00
1.918901443481445312e+00
2.771862745285034180e-01
1.337556481361389160e+00
-1.906942844390869141e+00
-1.762914299964904785e+00
-4.089710414409637451e-01
1.086910963058471680e+00
-4.338720738887786865e-01
-4.547095000743865967e-01
-4.618272185325622559e-01
-1.837363123893737793e+00
-9.034639596939086914e-01
9.122567772865295410e-01
-6.793021559715270996e-01
1.411450862884521484e+00
3.248128294944763184e-01
1.380589723587036133e+00
-8.506281971931457520e-01
-1.573816299438476562e+00
-1.228585481643676758e+00
-9.726142883300781250e-01
1.877814650535583496e+00
8.458403944969177246e-01
1.530677556991577148e+00
-1.042998790740966797e+00
-5.636940002441406250e-01
-2.613042593002319336e-01
-7.427975535392761230e-02
7.235676646232604980e-01
9.864587783813476562e-01
1.523746132850646973e+00
5.803588032722473145e-01
6.610532999038696289e-01
-2.952645160257816315e-02
-1.314625740051269531e+00
1.157970428466796875e+00
-9.390762448310852051e-02
-2.499539852142333984e-01
-1.420711517333984375e+00
2.564360499382019043e-01
-5.273296236991882324e-01
2.365615844726562500e+00
2.601334452629089355e-01
1.578621983528137207e+00
-1.177145615220069885e-01
-1.286416172981262207e+00
-1.758091449737548828e+00
1.608566164970397949e+00
-1.015242338180541992e+00
-1.708781123161315918e-01
1.056484103202819824e+00
1.214300632476806641e+00
-5.365131497383117676e-01
-7.885169982910156250e-01
-2.971724271774291992e-01
-1.455718874931335449e-01
1.325791001319885254e+00
-3.090060353279113770e-01
4.760218858718872070e-01
1.347174525260925293e+00
-8.342130780220031738e-01
-1.537343263626098633e+00
-8.515471220016479492e-01
-8.387199044227600098e-02
-1.661130428314208984e+00
-8.707654476165771484e-01
-1.224133968353271484e+00
-8.722093701362609863e-02
-1.095003724098205566e+00
1.570359349250793457e+00
1.109067916870117188e+00
1.781312704086303711e+00
-9.039050340652465820e-01
1.988957881927490234e+00
6.382408142089843750e-01
1.876883506774902344e+00
9.363787174224853516e-01
4.314920306205749512e-01
1.144567370414733887e+00
4.740848541259765625e-01
-4.454817175865173340e-01
8.761823177337646484e-02
1.025845050811767578e+00
1.869796991348266602e+00
-1.069118976593017578e-01
-5.985106825828552246e-01
-1.833243966102600098e-01
-5.840916633605957031e-01
-5.138811469078063965e-01
-7.419368624687194824e-02
1.419233083724975586e-01
-3.050049543380737305e-01
-9.022906422615051270e-01
3.185525238513946533e-01
-1.239989519119262695e+00
-2.805329263210296631e-01
-6.557438373565673828e-01
5.655224919319152832e-01
-4.217569828033447266e-01
-4.889250397682189941e-01
5.580300092697143555e-01
-3.611955344676971436e-01
-4.870919287204742432e-01
-9.822842478752136230e-01
9.079307317733764648e-02
1.079529166221618652e+00
-5.240597724914550781e-01
1.461475014686584473e+00
5.083749890327453613e-01
1.258769273757934570e+00
-2.913869321346282959e-01
-3.180377185344696045e-01
1.662816166877746582e+00
-1.228036880493164062e+00
5.132784843444824219e-01
-5.043701529502868652e-01
7.847526669502258301e-01
-1.535220146179199219e-01
1.266437888145446777e+00
1.981518119573593140e-01
-1.126752346754074097e-01
-2.245638370513916016e-01
1.847945451736450195e+00
-5.836768150329589844e-01
7.476076483726501465e-02
8.639296889305114746e-02
-2.100938081741333008e+00
-1.013458728790283203e+00
1.411398410797119141e+00
7.699487209320068359e-01
1.444854617118835449e+00
-3.300563097000122070e-01
-7.938275337219238281e-01
1.437168598175048828e+00
-7.915979623794555664e-02
5.743368268013000488e-01
-1.208211302757263184e+00
-9.510354995727539062e-01
1.551359653472900391e+00
-6.183576583862304688e-01
-1.142273426055908203e+00
-4.350631237030029297e-01
-1.393136382102966309e-02
7.436284422874450684e-01
-5.797931551933288574e-01
3.584334626793861389e-02
-1.813764810562133789e+00
4.675761163234710693e-01
-3.836036324501037598e-01
-8.421468138694763184e-01
-5.545265674591064453e-01
-8.068201541900634766e-01
-3.392010927200317383e-01
1.857314586639404297e+00
1.722785234451293945e-01
4.555702209472656250e-01
1.291812539100646973e+00
1.574041485786437988e+00
-3.117052614688873291e-01
8.633834123611450195e-01
-1.647111296653747559e+00
6.612807512283325195e-01
-1.665982306003570557e-01
2.512537479400634766e+00
-4.564215242862701416e-01
2.185198664665222168e-02
1.101445198059082031e+00
-9.138585329055786133e-01
1.175382733345031738e+00
-5.488641262054443359e-01
-3.205047249794006348e-01
1.357004404067993164e+00
-3.880766928195953369e-01
-4.876740574836730957e-01
2.183054983615875244e-01
-6.636028289794921875e-01
2.082075923681259155e-01
-1.669954657554626465e+00
-2.469128668308258057e-01
1.458668351173400879e+00
1.533136487007141113e+00
6.953524947166442871e-01
4.322161674499511719e-01
3.489494323730468750e-03
7.954583764076232910e-01
-1.082620978355407715e+00
-8.794096112251281738e-02
-3.633824288845062256e-01
7.321242094039916992e-01
-1.541606426239013672e+00
9.930416941642761230e-02
2.709964036941528320e+00
-1.220072507858276367e+00
1.968211889266967773e+00
3.656241297721862793e-02
-6.456875801086425781e-02
1.096595764160156250e+00
-1.862879693508148193e-01
-3.896509408950805664e-01
1.587833762168884277e+00
9.127130508422851562e-01
8.775488734245300293e-01
1.096149832010269165e-01
-1.153720617294311523e-01
1.027271598577499390e-01
-2.565289735794067383e-01
-1.114925265312194824e+00
-1.842141151428222656e-02
-1.167237877845764160e+00
-3.591983318328857422e-01
1.024208307266235352e+00
2.137751877307891846e-01
-5.871413350105285645e-01
-6.249471902847290039e-01
-9.220525026321411133e-01
-1.157304286956787109e+00
3.600821495056152344e-01
2.918100357055664062e-02
-6.098133325576782227e-01
1.281582713127136230e-01
1.438003301620483398e+00
1.082299590110778809e+00
-5.045570135116577148e-01
4.921197295188903809e-01
-1.317063212394714355e+00
1.067692518234252930e+00
-1.230818748474121094e+00
7.676704525947570801e-01
1.751496791839599609e-01
1.603135168552398682e-01
-2.273003607988357544e-01
-8.303519487380981445e-01
-8.296245932579040527e-01
-5.392112135887145996e-01
-1.999610304832458496e+00
-4.936891198158264160e-01
2.446954250335693359e-01
-1.471708893775939941e+00
1.901003599166870117e+00
-5.178915262222290039e-01
2.559494972229003906e-01
-9.382159113883972168e-01
1.472998499870300293e+00
-9.486249685287475586e-01
9.552334547042846680e-01
-1.195694446563720703e+00
-3.261836171150207520e-01
-4.849984943866729736e-01
-1.309294223785400391e+00
-1.038899183273315430e+00
-9.267094135284423828e-01
-7.548207044601440430e-01
-4.387760162353515625e-01
-1.575885176658630371e+00
-2.236125171184539795e-01
1.340092658996582031e+00
3.839775919914245605e-01
3.019817173480987549e-01
-4.819138050079345703e-01
3.708570599555969238e-01
-8.336755633354187012e-02
-1.027421474456787109e+00
1.443778276443481445e-01
1.317355036735534668e+00
1.703549385070800781e+00
1.514910459518432617e-01
5.131701827049255371e-01
-8.746792674064636230e-01
1.635383367538452148e-01
-7.322302460670471191e-01
1.373606443405151367e+00
-4.737033545970916748e-01
-1.317034959793090820e-01
-1.213524818420410156e+00
-1.415820360183715820e+00
-1.491968631744384766e+00
-8.688318729400634766e-01
-9.484548568725585938e-01
-7.807057499885559082e-01
1.003660410642623901e-01
1.053952932357788086e+00
-1.103761911392211914e+00
4.511234760284423828e-01
-2.030001878738403320e-01
-1.325315713882446289e+00
4.530897438526153564e-01
7.805836200714111328e-02
9.258624315261840820e-01
-5.035514831542968750e-01
-5.117771029472351074e-02
1.766200810670852661e-01
-9.330717325210571289e-01
-1.773437500000000000e+00
-1.381852388381958008e+00
6.230326294898986816e-01
-7.409455776214599609e-01
1.070375442504882812e+00
1.580453276634216309e+00
-6.565480232238769531e-01
3.872611522674560547e-01
-1.762203574180603027e-01
4.049890041351318359e-01
-1.816573023796081543e+00
-5.330706834793090820e-01
-5.800992250442504883e-02
-1.404021501541137695e+00
-4.374098777770996094e-01
2.161557972431182861e-02
-2.299357414245605469e+00
7.032954096794128418e-01
1.263417124748229980e+00
-1.538784503936767578e-01
-1.063684344291687012e+00
4.795648157596588135e-01
1.546847075223922729e-02
-1.020813941955566406e+00
-4.759016036987304688e-01
1.529512643814086914e+00
-1.259714961051940918e+00
-8.481742143630981445e-01
-9.578202366828918457e-01
-2.250282168388366699e-01
2.000434398651123047e-01
-2.522703409194946289e-01
1.712988615036010742e-01
1.055811345577239990e-01
-9.794145822525024414e-01
9.302074909210205078e-01
-6.489372253417968750e-02
-1.347715854644775391e+00
-7.239412069320678711e-01
-1.082671165466308594e+00
-3.745727539062500000e-01
1.912329196929931641e+00
4.087036550045013428e-01
6.986415982246398926e-01
5.078465938568115234e-01
-2.181914746761322021e-01
7.737205922603607178e-02
-1.263086438179016113e+00
1.218149662017822266e-01
-1.221487641334533691e+00
5.183715224266052246e-01
5.201699733734130859e-01
-1.384575963020324707e-01
4.277420639991760254e-01
6.665755510330200195e-01
2.205912172794342041e-01
-7.666288018226623535e-01
1.527534246444702148e+00
1.146487951278686523e+00
1.990221023559570312e+00
3.120000064373016357e-01
8.978910446166992188e-01
1.653195977210998535e+00
1.351068019866943359e+00
-1.774564385414123535e-02
9.492131471633911133e-01
-6.897817850112915039e-01
1.245966076850891113e+00
5.822994112968444824e-01
1.101532816886901855e+00
4.892820119857788086e-01
-1.215781211853027344e+00
-4.185107052326202393e-01
1.674319654703140259e-01
-1.515011429786682129e+00
1.221687436103820801e+00
1.128089904785156250e+00
-2.035776853561401367e+00
6.042437553405761719e-01
5.975131690502166748e-02
1.837148427963256836e+00
1.405402719974517822e-01
1.916341066360473633e+00
-4.039867520332336426e-01
-4.224139451980590820e-02
9.226281642913818359e-01
-6.826985478401184082e-01
3.025394976139068604e-01
-3.550420403480529785e-01
1.029805779457092285e+00
3.639321923255920410e-01
-4.500307440757751465e-01
-1.364789724349975586e+00
5.521414875984191895e-01
-1.314254403114318848e+00
7.784977555274963379e-01
-7.014255523681640625e-01
-4.408303499221801758e-01
1.176466226577758789e+00
-5.776303410530090332e-01
-1.305785179138183594e+00
4.771688580513000488e-01
4.120410680770874023e-01
-8.343219757080078125e-01
1.178546905517578125e+00
2.611266613006591797e+00
1.922383427619934082e+00
9.264700412750244141e-01
-4.085036218166351318e-01
5.759388208389282227e-01
-9.303749352693557739e-02
2.044566154479980469e+00
2.824704170227050781e+00
-1.760604143142700195e+00
-4.129527807235717773e-01
6.658860445022583008e-01
-2.175481617450714111e-01
-4.397324845194816589e-02
-6.461346745491027832e-01
1.508384943008422852e-01
7.024219632148742676e-01
5.013614892959594727e-02
-1.820133775472640991e-01
-2.979915738105773926e-01
-2.036603450775146484e+00
-1.332554101943969727e+00
-2.230824232101440430e+00
1.477212905883789062e+00
3.348168134689331055e-01
-3.571239113807678223e-01
1.696856498718261719e+00
4.150364995002746582e-01
1.415307879447937012e+00
-1.081953048706054688e-01
-3.636257648468017578e-01
6.068505644798278809e-01
-1.286164045333862305e+00
1.036872982978820801e+00
5.960313975811004639e-02
2.120068788528442383e+00
5.771641731262207031e-01
-9.913493394851684570e-01
1.194810867309570312e+00
4.107731282711029053e-01
5.478482842445373535e-01
-2.926669120788574219e-01
4.140177369117736816e-01
4.780398011207580566e-01
7.902455329895019531e-01
1.007644534111022949e+00
-6.380394101142883301e-01
5.250293016433715820e-01
-2.341504991054534912e-01
8.492643237113952637e-01
4.420318007469177246e-01
-6.377090811729431152e-01
-1.067073583602905273e+00
-8.848220109939575195e-01
-3.072668313980102539e-01
3.155715465545654297e-01
-5.336191654205322266e-01
1.006771087646484375e+00
3.573240637779235840e-01
1.265841245651245117e+00
1.011914968490600586e+00
4.880519509315490723e-01
7.859055399894714355e-01
1.198715209960937500e+00
-1.305280685424804688e+00
-2.932857275009155273e-01
-1.019253849983215332e+00
-5.167724490165710449e-01
-2.645072937011718750e-01
1.975096166133880615e-01
-1.066456556320190430e+00
-1.151900887489318848e-01
1.059008002281188965e+00
-1.955897092819213867e+00
2.143218815326690674e-01
9.586002826690673828e-01
-7.643600106239318848e-01
-5.486422181129455566e-01
2.769127488136291504e-01
-1.382821321487426758e+00
5.628460049629211426e-01
1.299883127212524414e+00
4.804226458072662354e-01
-1.025110006332397461e+00
-1.449587821960449219e+00
9.078437089920043945e-01
1.192666888236999512e+00
1.762295126914978027e+00
3.623569011688232422e-02
6.650853157043457031e-01
-2.383386850357055664e+00
-1.269236326217651367e+00
1.331839919090270996e+00
-1.232990026473999023e+00
-1.646820902824401855e-01
-1.078289747238159180e-01
9.006717205047607422e-01
6.459718346595764160e-01
-5.196264982223510742e-01
8.532544970512390137e-01
-1.317939460277557373e-01
1.485221385955810547e+00
-4.316365420818328857e-01
4.169548749923706055e-01
-1.601826190948486328e+00
4.609033763408660889e-01
-8.003472089767456055e-01
2.521271109580993652e-01
6.598118543624877930e-01
-9.772551059722900391e-01
6.383213996887207031e-01
7.047078013420104980e-02
2.892853617668151855e-01
5.484567880630493164e-01
9.354004859924316406e-01
-1.502686858177185059e+00
2.166023492813110352e+00
1.637732982635498047e-01
1.093639016151428223e+00
-1.934192180633544922e+00
-1.653966069221496582e+00
-7.463932037353515625e-02
1.324872612953186035e+00
-6.014543175697326660e-01
-4.664816558361053467e-01
-6.093675494194030762e-01
-1.760238528251647949e+00
-8.310267329216003418e-01
6.282843947410583496e-01
-5.655905604362487793e-01
1.076957106590270996e+00
4.488542079925537109e-01
1.349226713180541992e+00
-1.015152335166931152e+00
-1.523164510726928711e+00
-1.097042083740234375e+00
-1.121696352958679199e+00
1.958255887031555176e+00
6.048809885978698730e-01
1.295784592628479004e+00
-1.175576806068420410e+00
-4.889856278896331787e-01
-2.401065826416015625e-01
-6.283235549926757812e-02
6.514031887054443359e-01
9.722587466239929199e-01
1.818657755851745605e+00
9.032621383666992188e-01
4.335384368896484375e-01
-1.430341452360153198e-01
-1.410927295684814453e+00
7.228640913963317871e-01
-1.295330375432968140e-01
-1.458737254142761230e-01
-1.296286582946777344e+00
2.362892031669616699e-01
-6.945241689682006836e-01
2.441813945770263672e+00
1.777119934558868408e-02
1.670970320701599121e+00
-7.937568426132202148e-01
-8.839097023010253906e-01
-1.330491542816162109e+00
1.577258110046386719e+00
-8.262692689895629883e-01
1.526480019092559814e-01
1.057216644287109375e+00
1.085760831832885742e+00
-4.015734791755676270e-01
-4.022029638290405273e-01
-4.376659989356994629e-01
-4.669470191001892090e-01
1.172291159629821777e+00
-4.663679003715515137e-01
3.619675636291503906e-01
9.613960385322570801e-01
-7.919124960899353027e-01
-1.473695874214172363e+00
-9.434074163436889648e-01
3.729657232761383057e-01
-1.552432060241699219e+00
-8.982248306274414062e-01
-1.269945144653320312e+00
-1.683986634016036987e-01
-9.537366628646850586e-01
1.602076292037963867e+00
1.446743965148925781e+00
1.867961645126342773e+00
-8.600677251815795898e-01
1.648006916046142578e+00
8.280150890350341797e-01
1.785459637641906738e+00
4.667689204216003418e-01
5.616142153739929199e-01
8.558117151260375977e-01
4.307545721530914307e-01
-5.586491227149963379e-01
4.675598144531250000e-01
1.008287191390991211e+00
1.925687789916992188e+00
-1.113707274198532104e-01
-2.155989706516265869e-01
-3.417749106884002686e-01
-5.662140846252441406e-01
-4.840511679649353027e-01
-3.560492396354675293e-02
4.814231395721435547e-02
-1.390711069107055664e-01
-8.673185706138610840e-01
3.949289619922637939e-01
-1.065089583396911621e+00
-1.048296988010406494e-01
-4.868327677249908447e-01
6.320961713790893555e-01
-1.557406187057495117e-01
-6.008371710777282715e-01
5.654006004333496094e-01
-1.315119564533233643e-01
-7.448260784149169922e-01
-1.022007465362548828e+00
1.954804062843322754e-01
8.906936645507812500e-01
-1.732835918664932251e-01
1.569650411605834961e+00
2.396815121173858643e-01
1.116396665573120117e+00
-1.370556354522705078e-01
-5.593339204788208008e-01
1.485441327095031738e+00
-1.405004978179931641e+00
5.377670526504516602e-01
-4.183841943740844727e-01
7.573375701904296875e-01
-4.405774772167205811e-01
1.565674304962158203e+00
-1.649990081787109375e-01
-8.697825670242309570e-02
-2.577140927314758301e-02
1.844211578369140625e+00
-9.318310022354125977e-01
1.071750819683074951e-01
2.183347940444946289e-03
-2.223564386367797852e+00
-8.468803763389587402e-01
1.302878618240356445e+00
4.522991478443145752e-01
1.389158368110656738e+00
-6.180732846260070801e-01
-6.826391816139221191e-01
1.216908693313598633e+00
-5.859792232513427734e-03
5.357087254524230957e-01
-1.299692988395690918e+00
-6.480791568756103516e-01
1.827898621559143066e+00
-7.559826374053955078e-01
-1.012903332710266113e+00
-3.065696954727172852e-01
-2.105821669101715088e-01
7.652571201324462891e-01
-3.409028649330139160e-01
-1.607260107994079590e-02
-1.679260969161987305e+00
3.927219808101654053e-01
-2.215146422386169434e-01
-5.753040313720703125e-01
-6.944741606712341309e-01
-9.660870432853698730e-01
-3.114393651485443115e-01
1.929173588752746582e+00
-9.796372056007385254e-02
3.451894819736480713e-01
1.084405779838562012e+00
1.999026179313659668e+00
-3.313715159893035889e-01
6.395434141159057617e-01
-1.595444083213806152e+00
8.291144967079162598e-01
-3.829747438430786133e-02
2.513603687286376953e+00
-8.969038724899291992e-02
1.003004908561706543e-01
1.191128015518188477e+00
-7.764530181884765625e-01
1.499652385711669922e+00
-6.426857113838195801e-01
-2.056900560855865479e-01
1.467116117477416992e+00
-1.753948628902435303e-01
-1.695945858955383301e-02
-3.601908683776855469e-02
-8.574028015136718750e-01
2.607295215129852295e-01
-1.671298146247863770e+00
-2.525285482406616211e-01
1.531781554222106934e+00
1.657285332679748535e+00
1.186883926391601562e+00
3.682838678359985352e-01
-3.246735334396362305e-01
6.163560152053833008e-01
-9.790228009223937988e-01
2.913695573806762695e-02
-4.244383871555328369e-01
8.164438009262084961e-01
-1.682040691375732422e+00
2.972868978977203369e-01
2.674687862396240234e+00
-1.251008868217468262e+00
1.678826808929443359e+00
1.731275618076324463e-01
2.840224504470825195e-01
1.436216115951538086e+00
-2.512477934360504150e-01
-5.051653385162353516e-01
1.477233290672302246e+00
9.708439707756042480e-01
9.906533360481262207e-01
3.632223010063171387e-01
-2.136363685131072998e-01
2.360317558050155640e-01
-2.081064581871032715e-01
-1.046947240829467773e+00
3.135164976119995117e-01
-1.743975281715393066e+00
-2.540958523750305176e-01
9.011120796203613281e-01
1.018812656402587891e-01
-1.116360902786254883e+00
-3.382954001426696777e-01
-7.231408357620239258e-01
-8.575856685638427734e-01
3.587546348571777344e-01
5.942831635475158691e-01
-5.214520692825317383e-01
1.602864265441894531e-02
1.592506647109985352e+00
1.067462801933288574e+00
-7.079250812530517578e-01
5.082330703735351562e-01
-1.380542397499084473e+00
1.237732887268066406e+00
-1.306732535362243652e+00
3.881922364234924316e-01
4.508576393127441406e-01
4.332063794136047363e-01
-1.010800153017044067e-01
-8.088425397872924805e-01
-7.846560478210449219e-01
-6.428062915802001953e-01
-2.029042243957519531e+00
-4.110684990882873535e-01
-1.849228441715240479e-01
-1.598136663436889648e+00
1.575512886047363281e+00
-6.603081226348876953e-01
-2.886259555816650391e-02
-8.947128653526306152e-01
1.321311354637145996e+00
-8.302068710327148438e-01
8.847504854202270508e-01
-1.004987478256225586e+00
-3.129042387008666992e-01
-8.219763040542602539e-01
-7.587571144104003906e-01
-7.632161974906921387e-01
-6.958138346672058105e-01
-6.400107741355895996e-01
-1.043247580528259277e+00
-1.920395493507385254e+00
-3.267099559307098389e-01
1.269834876060485840e+00
4.198706150054931641e-02
5.590285062789916992e-01
-3.474203348159790039e-01
8.404120206832885742e-01
2.771226465702056885e-01
-1.069462299346923828e+00
-1.411169171333312988e-01
1.184685349464416504e+00
1.667507410049438477e+00
3.734975457191467285e-01
4.623245000839233398e-01
-5.338220596313476562e-01
-3.604292869567871094e-04
-7.032779455184936523e-01
8.783078193664550781e-01
-5.519245862960815430e-01
-1.061873435974121094e-01
-1.253700017929077148e+00
-1.644802808761596680e+00
-1.553286075592041016e+00
-7.968543767929077148e-01
-7.925075292587280273e-01
-5.959342122077941895e-01
2.988961338996887207e-02
1.053023338317871094e+00
-8.555059432983398438e-01
3.105831146240234375e-01
-3.391315340995788574e-01
-1.163848996162414551e+00
5.362412929534912109e-01
-4.991292953491210938e-03
9.572452306747436523e-01
-2.980232238769531250e-01
3.706842660903930664e-01
-2.842739522457122803e-01
-8.902683258056640625e-01
-1.130771517753601074e+00
-1.548846721649169922e+00
7.140844464302062988e-01
-7.117309570312500000e-01
7.669698596000671387e-01
1.602092504501342773e+00
-1.015529632568359375e+00
3.930807113647460938e-01
-3.366246521472930908e-01
4.686768352985382080e-01
-2.040000200271606445e+00
-3.725122213363647461e-01
5.588424205780029297e-02
-1.278833866119384766e+00
-2.541691660881042480e-01
-8.289388567209243774e-02
-2.349994659423828125e+00
7.462156414985656738e-01
1.090559482574462891e+00
-5.651125907897949219e-01
-1.047244548797607422e+00
8.708410263061523438e-01
-7.574914395809173584e-02
-1.359676241874694824e+00
-4.637783169746398926e-01
1.111901044845581055e+00
-8.271157741546630859e-01
-3.235863447189331055e-01
-9.159945249557495117e-01
-1.569451689720153809e-01
2.953481674194335938e-02
-3.465995788574218750e-01
6.842091679573059082e-02
1.026059091091156006e-01
-8.677110671997070312e-01
1.063919067382812500e+00
-3.187595009803771973e-01
-1.135941505432128906e+00
-4.522254467010498047e-01
-7.137247920036315918e-01
-6.502420902252197266e-01
2.223657369613647461e+00
2.067182213068008423e-01
7.701363563537597656e-01
1.004294455051422119e-01
-4.856658875942230225e-01
7.260198891162872314e-02
-1.407413840293884277e+00
-1.224982738494873047e-02
-1.190812110900878906e+00
1.819317340850830078e-01
7.299252748489379883e-01
-2.354498356580734253e-01
6.139986515045166016e-01
1.031034946441650391e+00
-5.081363916397094727e-01
-6.901530027389526367e-01
1.548594951629638672e+00
1.262744307518005371e+00
1.973884105682373047e+00
-2.411511540412902832e-02
6.327325105667114258e-01
1.486085295677185059e+00
1.183292627334594727e+00
-1.905220001935958862e-01
7.312439680099487305e-01
-4.210735857486724854e-01
1.204992532730102539e+00
-4.969534277915954590e-02
1.300207495689392090e+00
8.099762201309204102e-01
-3.355303406715393066e-01
-6.337608098983764648e-01
4.998146593570709229e-01
-1.649200558662414551e+00
9.354437589645385742e-01
1.060133099555969238e+00
-2.275616884231567383e+00
6.438418626785278320e-01
1.095415204763412476e-01
1.921947956085205078e+00
3.749909996986389160e-02
1.933604836463928223e+00
-2.364779114723205566e-01
5.213282704353332520e-01
9.367506504058837891e-01
-1.060112953186035156e+00
5.049967765808105469e-01
-3.435171246528625488e-01
9.132555723190307617e-01
5.472326874732971191e-01
-3.717963099479675293e-01
-1.163687109947204590e+00
4.846571087837219238e-01
-1.679952859878540039e+00
6.632200479507446289e-01
-3.050421476364135742e-01
-2.013050019741058350e-01
1.163558959960937500e+00
-5.435544848442077637e-01
-1.419234991073608398e+00
2.787387371063232422e-02
4.863836765289306641e-01
-1.307301282882690430e+00
9.390741586685180664e-01
2.983659029006958008e+00
1.750638127326965332e+00
6.786089539527893066e-01
-3.585503697395324707e-01
8.117283582687377930e-01
1.290748268365859985e-01
1.877857446670532227e+00
2.849596500396728516e+00
-2.058024883270263672e+00
-4.812055230140686035e-01
3.602825403213500977e-01
-6.974284350872039795e-02
6.351680308580398560e-02
-4.996813535690307617e-01
2.121376842260360718e-01
8.997684717178344727e-01
3.642312884330749512e-01
-4.127455949783325195e-01
-1.545630097389221191e-01
-2.184305667877197266e+00
-1.534247279167175293e+00
-2.263586521148681641e+00
1.518076658248901367e+00
1.992923319339752197e-01
-3.660136461257934570e-02
1.403957605361938477e+00
4.606679975986480713e-01
8.160500526428222656e-01
-4.885040521621704102e-01
1.963564753532409668e-01
1.081150770187377930e+00
-1.176630139350891113e+00
1.390970706939697266e+00
2.813825607299804688e-01
2.023301601409912109e+00
6.225147843360900879e-01
-4.337854981422424316e-01
1.320215463638305664e+00
5.873999595642089844e-01
8.021724224090576172e-01
-4.443019628524780273e-02
2.226773500442504883e-01
5.360274910926818848e-01
4.188810884952545166e-01
1.231954216957092285e+00
-7.091021537780761719e-01
2.403326630592346191e-01
-5.845799446105957031e-01
8.367026448249816895e-01
1.619075834751129150e-01
-7.801212072372436523e-01
-1.308271288871765137e+00
-6.898907423019409180e-01
-5.084682703018188477e-01
1.527567505836486816e-01
-5.109871029853820801e-01
1.059771537780761719e+00
4.588478505611419678e-01
1.494462251663208008e+00
9.060744047164916992e-01
4.505475759506225586e-01
6.935089826583862305e-01
9.366915225982666016e-01
-1.361540555953979492e+00
-9.106364846229553223e-02
-9.238730669021606445e-01
-8.152025341987609863e-01
1.639437675476074219e-02
5.158880949020385742e-01
-1.079317808151245117e+00
-2.556234598159790039e-02
1.440922379493713379e+00
-2.123153686523437500e+00
2.683430910110473633e-01
1.121747374534606934e+00
-9.024199843406677246e-01
-3.764252662658691406e-01
9.863471984863281250e-02
-1.158357143402099609e+00
4.873422384262084961e-01
9.094355702400207520e-01
4.057802557945251465e-01
-8.435558676719665527e-01
-1.955499172210693359e+00
1.328382790088653564e-01
1.150200963020324707e+00
1.659780621528625488e+00
-7.200914621353149414e-02
3.930703699588775635e-01
-2.317196130752563477e+00
-1.084093093872070312e+00
1.218336462974548340e+00
-6.412451267242431641e-01
-3.353829383850097656e-01
4.456566274166107178e-01
9.047148227691650391e-01
4.099243879318237305e-01
-5.516599416732788086e-01
4.224623441696166992e-01
-1.817003488540649414e-01
1.644230604171752930e+00
-6.499115824699401855e-01
7.409468889236450195e-01
-1.174432039260864258e+00
1.992537081241607666e-01
-7.808206081390380859e-01
-1.799790859222412109e-01
5.442075729370117188e-01
-7.162761688232421875e-01
4.245395362377166748e-01
4.840309917926788330e-02
3.862876296043395996e-01
4.667963087558746338e-01
1.036592841148376465e+00
-1.487210392951965332e+00
2.259237289428710938e+00
3.213155269622802734e-02
1.010293245315551758e+00
-2.158875465393066406e+00
-1.648435711860656738e+00
1.829515099525451660e-01
1.338276505470275879e+00
-4.546713829040527344e-01
-6.655440926551818848e-01
-7.671741843223571777e-01
-1.472917556762695312e+00
-8.056979775428771973e-01
9.139513373374938965e-01
-6.208445429801940918e-01
9.032333493232727051e-01
5.101016163825988770e-01
1.207228183746337891e+00
-1.272204875946044922e+00
-1.681993484497070312e+00
-1.479710578918457031e+00
-9.293084144592285156e-01
1.995262980461120605e+00
7.671630978584289551e-01
1.860969066619873047e+00
-1.418332338333129883e+00
-6.176040172576904297e-01
-8.352352380752563477e-01
-2.200570404529571533e-01
5.051221847534179688e-01
9.916369915008544922e-01
2.166919231414794922e+00
5.943559408187866211e-01
3.647010326385498047e-01
-8.499386310577392578e-01
-1.168039560317993164e+00
6.286592483520507812e-01
2.398443222045898438e-02
1.027842760086059570e-01
-1.017320632934570312e+00
1.581288576126098633e-01
-7.497958540916442871e-01
2.347625732421875000e+00
-3.890882432460784912e-02
1.503320455551147461e+00
-6.298406124114990234e-01
-7.175169587135314941e-01
-1.636473655700683594e+00
1.846066474914550781e+00
-7.648619413375854492e-01
2.577748298645019531e-01
7.659315466880798340e-01
6.789299249649047852e-01
-7.123832106590270996e-01
-2.848840951919555664e-01
-8.151291012763977051e-01
-6.005789041519165039e-01
1.082904458045959473e+00
-2.993742227554321289e-01
1.465147137641906738e-01
1.041150212287902832e+00
-5.705595612525939941e-01
-1.593555569648742676e+00
-8.273115158081054688e-01
2.133461683988571167e-01
-1.750517129898071289e+00
-7.480653524398803711e-01
-1.138289690017700195e+00
-2.635966539382934570e-01
-8.732336759567260742e-01
1.398382425308227539e+00
9.260467886924743652e-01
2.291288852691650391e+00
-1.190567374229431152e+00
1.287556409835815430e+00
8.019447326660156250e-01
2.004158973693847656e+00
3.200785219669342041e-01
5.285444855690002441e-01
8.483722209930419922e-01
5.826193094253540039e-01
-4.398614764213562012e-01
3.323191404342651367e-01
9.140955209732055664e-01
1.989131212234497070e+00
-1.951526403427124023e-01
-7.881284952163696289e-01
-4.281691908836364746e-01
-9.875749349594116211e-01
-3.858060836791992188e-01
8.338376879692077637e-02
-1.407214403152465820e-01
-2.139027118682861328e-01
-6.731486916542053223e-01
4.059012532234191895e-01
-1.083037376403808594e+00
-6.399390697479248047e-01
-5.725148320198059082e-01
4.733175635337829590e-01
-4.930599927902221680e-01
-4.416877031326293945e-01
5.515086650848388672e-01
1.627001464366912842e-01
-6.729547381401062012e-01
-9.978156685829162598e-01
3.594583868980407715e-01
7.079422473907470703e-01
-2.007342129945755005e-01
1.735119819641113281e+00
2.037143707275390625e-01
1.032540440559387207e+00
1.335686445236206055e-02
-7.867684364318847656e-01
1.520138382911682129e+00
-1.927020072937011719e+00
7.523584365844726562e-01
-9.488490223884582520e-01
7.521404623985290527e-01
-7.135808467864990234e-03
2.056117057800292969e+00
-3.228482604026794434e-02
4.216070175170898438e-01
5.004268884658813477e-02
1.892940521240234375e+00
-5.580558776855468750e-01
1.441954970359802246e-01
-5.092486739158630371e-02
-1.864127397537231445e+00
-4.102587699890136719e-01
1.596311330795288086e+00
6.285529136657714844e-01
1.304361581802368164e+00
-6.449437141418457031e-01
-3.477788567543029785e-01
1.208873271942138672e+00
-1.385593414306640625e-02
9.353997111320495605e-01
-1.091904878616333008e+00
-9.681849479675292969e-01
1.381000995635986328e+00
-9.972514212131500244e-02
-8.190747499465942383e-01
-2.811698913574218750e-01
4.192173480987548828e-02
7.764984369277954102e-01
3.172697126865386963e-01
3.551379144191741943e-01
-1.327442407608032227e+00
6.311815977096557617e-01
-2.765718102455139160e-02
-3.416438102722167969e-01
-1.098525047302246094e+00
-1.174132227897644043e+00
-5.559845566749572754e-01
2.261740684509277344e+00
-3.599094748497009277e-01
2.674465477466583252e-01
9.165654182434082031e-01
1.889398694038391113e+00
-2.295801788568496704e-01
8.815044164657592773e-01
-1.508141875267028809e+00
8.612466454505920410e-01
1.593070626258850098e-01
2.371224403381347656e+00
-5.131735801696777344e-01
5.261229872703552246e-01
9.949972033500671387e-01
-6.468956470489501953e-01
1.741404294967651367e+00
-9.900051951408386230e-01
-5.527753829956054688e-01
1.458355903625488281e+00
-3.075776100158691406e-01
-1.652016043663024902e-01
-1.681450009346008301e-02
-1.249474406242370605e+00
3.970742821693420410e-01
-1.343384385108947754e+00
-1.745810210704803467e-01
1.112696766853332520e+00
1.704458117485046387e+00
8.381114602088928223e-01
1.183346509933471680e-01
-1.574186980724334717e-01
3.705119490623474121e-01
-8.447021842002868652e-01
3.506648540496826172e-02
-3.974892497062683105e-01
1.998849809169769287e-01
-1.635538101196289062e+00
2.099885344505310059e-01
2.471528291702270508e+00
-1.057929396629333496e+00
1.563260316848754883e+00
6.299997568130493164e-01
3.277825117111206055e-01
1.753556728363037109e+00
-3.850549459457397461e-02
-1.387119293212890625e-02
1.694691300392150879e+00
7.361153364181518555e-01
1.207929849624633789e+00
2.503507733345031738e-01
-3.863427042961120605e-01
-2.422599047422409058e-01
-1.493787765502929688e-02
-9.308151602745056152e-01
4.395463466644287109e-01
-1.851624608039855957e+00
-4.885419905185699463e-01
6.407102346420288086e-01
-2.317511439323425293e-01
-9.356034994125366211e-01
6.180498003959655762e-02
-7.362490892410278320e-01
-1.016580104827880859e+00
5.260348320007324219e-01
4.343143701553344727e-01
-1.460254192352294922e-01
2.099282145500183105e-01
1.380840301513671875e+00
8.937069773674011230e-01
-8.902088403701782227e-01
7.764580249786376953e-01
-1.111823678016662598e+00
8.224399089813232422e-01
-1.640838503837585449e+00
4.281260371208190918e-01
4.966603517532348633e-01
3.996533155441284180e-01
-6.512637436389923096e-02
-1.130816340446472168e+00
-9.859380722045898438e-01
-6.275796294212341309e-01
-2.405473947525024414e+00
-5.475026965141296387e-01
